Positions	So-21-29822-01	So-10-20006-02	So-10-20117-03	So-10-20327-01	So-10-20327-03	So-10-20333-01	So-10-20333-04	So-10-56965-01	So-21-28371-01	Sa-6-4253-02	Sa-21-82410-02	So-6-4253-01	So-21-28423-02	So-21-28425-02	So-8-6858-02	So-8-6685-03	Sa-6-3189-01	So-8-7024-01	So-21-28449-02	So-21-30218-03	Sa-21-30529-02	So-21-28449-04	So-21-30529-02	So-21-29822-02	Sa-8-12129-01	Sa-8-12129-02	Sa-8-12129-03	Sa-8-12129-04	So-10-20006-01	So-10-20110-02	So-10-20110-03	So-10-20279-01	So-10-20279-02	So-10-20279-03	So-10-20302-01	So-10-20327-02	So-10-20333-05	So-10-20347-02	So-10-20347-03	So-10-56965-02	So-10-56965-03	So-21-1061629-02	Sa-21-82410-01	So-21-28423-01	So-8-7291-01	Sa-21-30147-02	So-6-51263-02	Sa-21-82410-03	Sa-6-3385-01	Sa-21-82410-04	So-21-28425-03	So-8-7539-01	Sa-21-30147-04	Sa-21-30507-01	Sa-21-30218-01	So-8-6685-01	So-8-7539-02	Sa-8-7085-01	So-6-3385-02	Sa-21-30507-02	Sa-21-30218-02	So-8-7539-03	Sa-6-4253-01	Sa-24-60424-03	Sa-21-30218-03	So-8-7539-04	Sa-8-7085-04	So-21-30522-02	So-21-28449-01	So-21-30218-02	So-8-11559-02	Sa-21-30515-02	So-21-30522-03	So-21-1061629-01	Sa-6-3189-04	So-10-20333-03	So-21-28371-04	So-21-30529-03	So-10-20302-03	So-10-20333-02	So-10-20347-01	So-10-20363-02	Sa-8-11559-01	Sa-21-28423-03	Sa-21-30147-01	So-21-30507-01	So-21-28425-01	Sa-21-30147-03	So-21-28423-03	So-8-6685-02	Sa-8-7085-02	Sa-6-51263-02	Sa-21-30529-03	Sa-8-11559-03	So-6-4452-01	So-21-30522-01	So-8-11559-01	Sa-6-3189-02	Sa-21-30515-01	Sa-8-7085-05	Sa-6-3189-03	Sa-8-7085-06	Sa-21-28423-02	Sa-21-28425-02	So-10-20006-03	Sa-24-60424-01	So-21-28371-03	So-10-20117-01	So-10-20302-02	So-10-20363-01	So-6-51263-01	So-6-4253-02	So-6-3189-02	So-8-7024-03	So-21-28371-02	So-21-30529-01	So-10-20363-03	So-8-6858-03	So-21-30507-02	So-6-3189-01	So-6-3189-03	Sa-8-7085-03	So-21-30218-01	So-8-7024-02	So-8-11559-03	So-21-1061629-03	sample_1388_M1	sample_1456_2M1	KEB_2	KEB_4	Mb2_3	Mpal_4	Mpal_6	Ndi1_5	Poul1_15	sample_1458_1M1	sample_1463_1M1	sample_1463_2M1	sample_1472_3M2	sample_1472_4M1	sample_1484_3M1	sample_1508_2M1	sample_1511_3	PE08038	sample_8012_1M1	sample_8487_3M1	sample_8492_1	sample_8492_3	sample_8498_1	sample_8498_3	sample_8503_4M1	sample_8504_1M1	sample_8507_1M1	PE08154	PE08155	PE08164_390	PE08171	PE08172	PE08470	PE08470_213	PE08472	PE08473	PE11354_645	PE00838	PE02590	PE08082	PE08095	PE08103	PE08106_488	PE08128	PE08137	PE08148	PE08478	PE08720	PE08723
102047313	0	0	0	.	0	0	0	.	0	0	0	0	0	0	0	0	0	0	0	0	0	0	0	0	0	0	0	0	0	0	0	0	0	0	0	0	2	0	0	0	0	0	0	.	0	.	0	.	0	0	0	0	0	0	0	0	.	0	.	.	0	0	0	0	0	0	2	0	2	0	0	.	0	.	0	0	0	0	0	0	0	0	2	0	0	0	0	0	0	0	0	0	0	0	0	0	0	0	.	0	0	.	0	0	0	0	2	2	2	2	2	2	0	2	.	2	2	2	.	2	.	0	2	2	.	2	0	1	2	1	1	1	2	1	2	1	1	1	1	1	1	1	2	1	1	1	1	1	1	1	1	1	1	0	0	0	0	0	0	0	0	0	0	0	0	0	0	0	0	0	0	0	0
102047528	0	0	0	0	0	0	0	0	0	0	0	0	0	0	0	0	0	0	0	0	0	0	0	0	0	0	0	0	0	0	0	0	0	0	0	0	2	0	0	0	0	0	0	0	0	2	0	0	0	0	0	0	0	0	0	0	0	0	0	2	0	0	0	0	0	0	2	0	2	0	0	0	0	0	0	0	0	0	0	0	0	0	2	0	0	0	0	0	0	0	0	0	0	0	0	0	0	0	.	0	0	2	0	0	0	0	2	2	2	2	2	2	2	2	2	2	2	2	2	2	2	2	2	2	2	2	0	1	2	1	1	1	2	1	2	1	1	1	1	1	1	1	2	1	1	1	1	1	1	1	1	1	1	0	0	0	0	0	0	0	0	0	0	0	0	0	0	0	0	0	0	0	0
102047542	0	0	0	0	0	0	0	0	0	0	0	0	0	0	0	0	0	0	0	0	0	0	0	0	0	0	0	0	0	0	0	0	0	0	0	0	0	0	0	0	0	0	0	0	0	0	0	0	0	0	0	0	0	0	0	0	0	0	0	0	0	0	0	0	0	0	0	0	0	0	0	0	0	0	0	0	0	0	0	0	0	0	0	0	0	0	0	0	0	0	0	0	0	0	0	0	0	0	.	0	0	0	0	0	0	0	2	2	2	2	2	2	2	2	2	2	2	2	2	2	2	0	0	2	2	2	0	0	0	0	0	0	0	0	0	0	0	0	0	0	0	0	0	0	0	0	0	0	0	0	0	0	0	0	0	0	0	0	0	0	0	0	0	0	0	0	0	0	0	0	0	0	0
102047794	2	0	0	0	0	0	0	0	0	0	0	0	0	0	0	0	.	0	0	0	0	0	0	0	.	0	0	0	0	0	0	0	0	0	0	0	2	0	0	0	0	0	0	0	.	2	0	0	0	0	0	0	0	0	.	0	0	0	0	2	0	0	0	0	0	0	2	0	.	0	0	0	0	0	0	0	0	0	0	0	0	0	2	0	0	0	0	0	0	0	0	0	0	0	0	0	0	.	.	0	0	0	0	0	0	0	2	2	2	2	2	2	2	2	2	2	2	0	2	2	2	2	2	2	2	2	0	1	2	1	1	1	2	1	2	1	1	1	1	1	1	1	2	1	1	1	1	1	1	1	1	1	1	0	0	0	0	0	0	0	0	0	0	0	0	0	0	0	0	0	0	0	0
102047927	0	0	0	0	0	0	0	0	0	0	0	0	0	0	0	0	0	0	0	0	0	0	0	0	0	0	0	.	0	0	0	0	0	0	0	0	2	0	0	0	0	0	0	0	0	2	0	0	0	0	0	.	0	0	0	0	0	0	0	2	0	0	0	0	0	0	.	0	2	0	0	0	0	0	0	0	0	0	0	0	0	0	2	0	0	0	0	0	0	0	0	0	0	0	0	0	0	0	0	0	0	.	0	0	0	0	2	2	2	2	2	2	0	2	2	2	2	2	2	2	2	2	2	2	2	2	0	1	2	1	1	1	2	1	2	1	1	1	1	1	1	1	2	1	1	1	1	1	1	1	1	1	1	0	0	0	0	0	0	0	0	0	0	0	0	0	0	0	0	0	0	0	0
102583767	0	0	0	0	0	0	0	0	0	0	0	0	0	0	0	0	0	0	0	0	0	0	0	0	0	0	0	0	0	0	0	0	0	0	0	0	2	0	0	0	0	0	0	0	0	2	0	0	0	0	0	0	0	0	0	0	0	0	0	2	0	0	0	0	0	0	2	0	2	0	0	0	0	0	0	0	0	0	0	0	0	0	2	0	0	0	0	0	0	0	0	0	0	0	0	0	0	0	0	0	0	2	0	0	0	0	2	2	2	2	2	2	2	2	2	2	2	2	2	2	2	2	2	2	2	2	0	2	0	2	2	2	2	2	2	2	.	2	2	2	2	2	2	2	2	2	2	1	2	1	2	2	1	0	0	0	0	0	0	0	0	0	0	0	0	0	.	0	0	0	0	0	0
104115612	1	.	1	1	2	.	.	1	1	1	.	1	.	1	1	.	.	1	1	1	1	1	1	1	1	1	1	.	1	1	1	1	1	1	2	1	2	1	.	1	1	1	.	1	.	2	1	.	1	1	.	1	1	1	1	.	1	1	1	.	.	1	1	.	1	.	.	1	2	.	.	.	1	1	.	1	.	1	1	1	1	1	.	1	.	2	.	.	1	1	1	1	.	.	.	1	1	.	1	.	1	.	1	1	1	1	1	.	2	2	2	2	.	2	.	2	2	2	.	2	2	.	0	2	.	2	1	0	2	0	0	0	0	0	0	0	0	0	0	0	0	0	2	0	0	0	0	0	0	0	0	0	0	1	1	2	1	.	1	1	1	1	.	1	1	1	1	1	1	1	1	1	1
104286692	0	0	0	0	0	0	0	0	0	0	0	0	0	0	0	0	0	0	0	0	0	0	0	0	0	0	0	0	0	0	0	0	0	0	0	0	2	0	0	0	0	0	0	0	0	2	0	0	0	0	0	0	0	0	0	0	0	0	0	2	0	0	0	0	0	0	2	0	2	0	0	0	0	0	0	0	0	0	0	0	0	0	2	0	0	0	0	0	0	0	0	0	0	0	0	0	.	0	.	0	0	2	0	0	0	0	2	2	2	2	2	2	2	2	2	2	2	2	2	2	2	2	2	2	2	2	0	1	2	1	1	1	1	1	1	1	1	1	1	1	1	1	2	1	1	1	1	1	1	1	1	1	1	0	0	0	0	0	0	0	0	0	0	0	0	0	.	0	0	0	0	0	0
104286919	0	0	0	0	0	0	0	.	0	0	0	0	0	0	0	0	.	0	0	0	0	0	0	0	0	0	0	0	0	0	0	0	0	0	0	.	2	0	0	0	0	0	0	0	0	2	0	0	0	0	.	0	0	0	0	0	0	0	0	.	0	0	0	0	0	0	2	0	2	.	0	0	0	0	0	0	0	0	0	0	0	0	2	0	0	0	0	0	0	0	0	0	0	0	0	0	.	0	0	0	0	.	0	0	0	0	2	2	2	2	2	2	2	2	2	2	2	1	2	2	.	2	0	2	.	2	0	1	2	1	1	1	1	1	1	1	1	1	1	1	1	1	2	1	1	1	1	1	1	1	1	1	1	0	0	0	0	2	2	0	0	0	2	0	0	0	2	0	0	0	0	0	0
104286966	0	0	0	0	0	0	0	0	0	0	0	0	0	0	.	0	.	0	0	0	0	0	0	0	0	0	.	0	0	0	0	0	0	0	0	0	2	0	0	0	0	0	0	0	.	2	0	0	0	0	0	0	0	0	0	0	0	0	0	.	0	0	0	0	0	0	2	0	.	.	0	.	0	0	0	0	0	0	0	0	0	0	2	0	0	0	0	0	0	0	0	0	0	0	0	0	.	0	0	0	0	.	0	0	0	0	2	2	2	2	2	2	2	2	1	2	2	1	2	2	.	2	2	2	2	2	0	1	2	1	1	1	1	1	1	1	1	1	1	1	1	1	2	1	1	1	1	1	1	1	1	1	1	0	0	0	0	2	2	0	0	0	2	0	0	0	2	0	0	0	0	0	0
104754587	0	0	0	0	0	0	0	0	0	0	0	0	0	0	0	0	0	0	0	0	0	0	0	0	0	0	0	0	0	0	0	0	0	0	0	0	2	0	0	0	0	0	0	0	0	2	0	0	0	0	0	0	0	0	0	0	0	0	0	2	0	0	0	0	0	0	2	0	2	0	0	0	0	0	0	0	0	0	0	0	0	0	2	0	0	0	0	0	0	0	0	0	0	0	0	0	0	0	0	0	0	2	0	0	0	0	2	2	2	2	2	2	2	2	2	2	2	2	2	2	2	2	2	2	2	2	0	1	2	1	1	1	1	1	1	1	1	1	1	2	1	1	2	1	1	1	1	1	1	1	1	1	1	0	0	0	0	0	0	0	0	0	.	0	0	0	0	0	0	0	0	0	0
104754675	0	0	0	0	0	0	0	0	0	0	0	0	0	0	0	0	0	0	0	0	0	0	0	0	0	0	0	0	0	0	0	0	0	0	0	0	2	0	0	0	0	0	0	0	0	2	0	0	0	0	0	0	0	0	0	0	0	0	0	0	0	0	0	0	0	0	0	0	2	0	0	0	0	0	0	0	0	0	0	0	0	0	2	0	0	0	0	0	0	0	0	0	0	0	0	0	0	0	0	0	0	2	0	0	0	0	2	2	2	2	2	2	2	2	2	2	2	2	2	2	2	2	2	2	2	2	0	0	0	2	0	2	2	1	2	0	0	2	2	2	1	2	2	2	2	1	1	1	1	1	1	2	1	0	0	0	0	0	0	0	0	0	0	0	0	0	0	0	0	0	0	0	0
104754899	0	.	0	.	0	0	0	0	0	0	0	0	0	.	0	0	0	0	0	0	0	0	0	0	0	0	0	.	0	0	0	0	0	0	0	0	0	0	0	0	0	0	0	0	0	0	0	.	0	0	0	0	0	.	0	.	0	0	0	0	0	0	0	0	0	0	0	.	0	0	0	0	0	0	0	0	0	0	0	0	0	0	.	0	0	0	0	0	.	0	.	0	0	0	0	0	0	0	0	.	0	0	0	0	0	0	2	2	.	2	2	2	2	2	2	2	2	2	2	2	2	0	2	0	2	2	0	0	0	0	0	0	0	0	0	0	0	0	0	0	0	0	0	0	0	0	0	0	0	0	0	0	0	0	0	0	0	0	0	0	0	0	0	0	0	0	0	0	0	0	.	0	0
104759659	0	.	0	.	0	.	0	.	0	0	0	0	0	0	.	0	0	0	0	0	0	0	0	0	0	0	0	0	0	.	0	0	0	0	0	0	2	0	.	0	0	0	0	0	0	.	0	0	0	0	0	0	0	0	0	0	0	0	0	2	0	.	0	0	0	0	2	0	2	0	0	0	0	0	0	0	0	0	.	0	0	0	2	0	.	0	0	0	.	0	0	0	0	0	0	0	0	0	.	0	0	2	0	0	0	0	2	2	2	2	2	2	2	2	2	2	.	.	2	2	2	2	2	2	2	2	0	1	2	1	1	1	1	1	1	1	1	1	1	1	1	1	2	1	1	1	1	1	1	1	1	1	1	0	0	0	0	0	0	0	0	0	0	0	0	0	0	0	0	0	0	0	0
104759675	0	.	0	.	0	.	0	.	0	0	0	0	0	0	0	0	0	0	0	0	0	0	0	0	0	0	0	0	0	.	0	0	0	0	0	0	2	0	.	0	0	0	0	0	0	.	0	0	0	0	0	0	0	0	0	0	0	0	0	2	0	0	0	0	0	0	2	0	2	0	0	0	0	0	0	0	0	0	0	0	0	0	2	0	.	0	0	0	.	0	0	0	0	0	0	0	0	0	.	0	.	2	0	0	0	0	2	2	2	2	2	2	2	2	2	2	.	.	2	2	2	2	2	2	2	2	0	1	2	1	1	1	1	1	1	1	1	1	1	1	1	1	2	1	1	1	1	1	1	1	1	1	1	0	0	0	0	0	0	0	0	0	0	0	0	0	0	0	0	0	0	0	0
104982117	0	0	0	0	0	0	0	0	0	0	0	0	0	0	0	0	0	0	0	0	0	0	0	0	0	0	0	0	0	0	0	0	0	0	0	0	0	0	0	0	0	0	0	0	0	2	0	0	0	0	0	0	0	0	0	0	0	0	0	2	0	0	0	0	0	0	2	0	2	0	0	0	0	0	0	0	0	0	0	0	0	0	2	0	0	0	0	0	0	0	0	0	0	0	0	0	0	0	0	0	0	2	0	0	0	0	2	2	2	2	2	2	2	2	2	2	2	2	2	2	2	2	2	0	2	2	0	1	2	1	1	1	1	1	1	1	1	1	1	1	1	1	2	1	1	1	1	1	1	1	1	1	1	2	0	2	0	2	2	0	0	0	2	2	0	0	2	0	0	0	0	0	0
105710943	0	0	0	0	0	0	0	0	0	2	0	0	0	0	0	0	0	0	2	0	0	0	0	0	0	2	0	0	2	0	0	0	0	2	0	0	2	0	0	0	0	0	0	0	0	2	0	0	0	0	0	0	0	0	0	0	0	0	2	.	0	0	0	0	0	0	2	0	2	0	0	0	0	.	0	0	0	0	0	0	0	0	2	0	0	0	0	0	0	0	0	0	0	0	0	0	0	0	0	0	0	2	0	0	0	0	2	2	2	2	2	2	2	2	1	2	2	2	2	2	0	2	2	2	2	2	0	1	2	1	1	1	1	1	1	1	1	1	1	1	1	1	2	1	1	1	1	1	1	1	1	1	1	0	2	2	0	2	2	0	0	0	2	0	1	0	2	0	2	0	0	0	0
105711319	0	0	0	.	0	0	0	0	0	2	0	0	0	0	0	0	0	0	2	0	0	0	0	0	0	2	0	0	2	.	0	0	0	2	0	.	2	0	0	0	0	0	0	0	0	2	0	0	0	0	0	0	0	0	0	0	.	0	2	2	0	0	0	0	0	0	.	0	2	0	0	0	0	0	0	0	0	0	0	0	0	0	2	0	0	0	0	0	0	0	0	0	0	0	0	0	0	0	0	0	0	2	0	0	0	0	2	2	2	2	2	2	2	2	2	2	2	2	2	2	2	2	2	2	2	2	0	1	2	1	2	1	1	1	1	1	1	1	1	1	1	1	2	1	1	1	1	1	1	1	1	1	1	0	2	2	0	2	2	0	0	0	2	0	0	0	2	0	2	0	0	0	0
105944273	0	0	0	0	0	0	0	0	0	0	0	0	0	0	0	0	0	0	0	0	0	0	0	0	0	0	0	0	0	0	0	0	0	0	0	0	2	0	0	0	0	0	0	0	0	2	0	0	0	0	0	0	0	0	0	0	0	0	0	0	0	0	0	0	0	0	.	0	2	0	0	0	0	0	0	0	0	0	0	0	0	0	0	0	0	0	0	0	0	0	0	0	0	0	0	0	0	0	.	0	0	.	0	0	0	0	2	2	2	2	2	2	2	2	2	2	2	2	2	2	0	2	2	0	0	2	0	1	2	1	1	1	1	1	1	1	1	1	1	1	1	1	2	1	1	1	1	1	1	1	1	1	1	0	0	0	0	0	0	0	0	0	0	0	0	0	0	0	0	0	0	0	0
106468737	0	0	0	0	0	0	0	0	0	0	0	0	0	0	0	0	0	2	0	0	0	0	0	0	0	0	0	0	2	0	0	0	0	.	0	0	2	0	0	0	0	0	0	0	0	2	0	0	0	0	0	0	0	0	0	0	0	0	0	0	0	0	0	0	0	0	0	0	2	0	0	0	0	0	0	0	0	0	0	0	0	0	2	0	0	0	0	0	0	0	0	0	0	0	0	0	0	0	.	0	0	2	0	0	0	0	2	2	0	2	2	2	2	2	2	2	2	2	2	2	2	2	2	2	2	2	0	0	0	1	0	2	2	1	2	0	.	2	2	2	1	2	2	2	2	1	1	1	1	1	1	1	1	0	0	0	0	0	0	0	0	0	0	0	0	0	0	0	0	0	0	0	0
106469138	0	.	0	.	.	0	0	.	0	.	0	0	0	0	0	0	.	0	0	0	.	0	0	.	0	0	.	.	0	.	0	0	.	0	0	0	.	.	0	0	0	0	0	.	.	0	.	.	0	0	0	0	0	0	.	0	0	.	.	0	0	0	.	.	.	.	.	0	.	0	0	.	.	.	0	0	0	0	0	0	.	0	0	.	0	0	.	0	0	0	.	0	0	.	0	0	.	.	.	0	.	0	0	.	0	0	.	.	2	2	2	.	2	.	2	2	2	0	0	2	0	.	.	2	.	2	0	0	0	0	0	0	0	0	0	0	0	0	0	0	0	0	0	0	0	0	0	0	0	0	0	0	0	0	0	0	0	0	0	0	0	0	0	0	0	0	0	0	0	0	0	0	0
106560154	0	0	0	0	0	.	0	0	0	.	0	0	0	0	0	.	0	0	.	0	0	0	0	0	0	0	.	0	0	0	0	0	0	0	.	.	.	.	0	0	0	0	0	0	0	0	0	0	0	.	0	0	0	0	.	0	0	.	.	.	0	0	0	.	0	.	.	.	0	0	.	0	.	.	.	0	.	.	.	0	.	0	.	0	.	0	0	.	.	0	0	0	0	0	0	.	.	.	0	.	0	.	0	.	0	0	2	2	.	2	.	.	2	.	.	2	2	0	2	2	.	.	.	2	.	2	0	0	0	0	0	0	0	0	0	0	0	0	0	0	0	0	0	0	0	0	0	0	0	0	0	0	0	0	0	0	0	0	0	0	0	0	0	0	.	0	0	0	0	0	0	0	0
106560221	0	0	0	0	0	0	0	0	0	.	0	0	0	0	0	0	0	0	.	0	0	0	0	0	0	0	0	0	.	.	0	0	0	0	0	0	0	.	0	0	0	0	0	0	0	2	0	.	0	0	0	2	0	0	0	0	0	.	.	2	0	0	0	0	0	.	.	.	2	0	.	0	0	.	0	0	0	0	0	0	0	0	2	0	.	0	0	0	.	.	0	0	0	0	0	.	0	.	0	.	.	2	0	0	0	0	2	2	2	2	.	2	2	.	.	2	2	0	2	2	.	.	2	2	.	2	0	1	2	1	1	1	1	1	1	1	1	1	1	1	1	1	2	1	1	1	1	1	1	1	1	1	1	0	0	0	0	0	0	0	0	0	0	0	.	0	.	0	0	0	0	0	0
107164726	0	0	0	0	0	0	0	0	0	0	0	0	0	0	0	0	0	0	0	0	0	0	0	0	0	0	0	0	0	0	0	0	0	0	0	.	0	0	0	0	0	0	0	0	0	0	0	0	0	0	0	0	0	0	0	0	0	0	0	0	0	0	0	0	0	0	0	0	0	0	0	0	0	0	0	0	0	0	0	0	0	0	0	0	0	0	0	0	0	0	0	0	0	0	0	0	0	0	0	0	0	0	0	0	0	0	2	2	2	2	2	2	2	2	2	2	2	2	2	2	2	0	2	2	.	2	0	0	0	0	0	0	0	0	0	0	0	0	0	0	0	0	0	0	0	0	0	0	0	0	0	0	0	0	0	0	0	0	0	0	0	0	0	0	0	0	0	0	0	0	0	0	0
107190006	2	2	0	.	0	0	0	0	0	.	.	0	.	0	.	0	0	0	0	0	0	.	0	.	0	.	0	.	0	0	0	0	0	.	0	.	1	.	.	0	.	.	0	.	0	.	.	0	.	.	0	0	0	0	.	.	.	0	.	.	0	0	.	.	.	.	.	.	2	.	0	.	0	0	0	0	0	0	0	0	0	0	.	0	.	0	0	0	.	0	.	.	.	.	.	0	.	.	.	0	.	.	0	0	0	2	1	2	2	2	2	2	2	2	1	2	2	2	2	2	2	.	2	2	2	2	0	1	2	1	1	1	1	1	1	1	.	1	1	1	1	1	0	1	1	1	1	1	1	1	1	1	1	0	0	0	0	0	0	0	0	0	.	0	0	0	0	0	0	0	0	0	0
107780215	0	0	0	0	0	.	0	.	.	2	.	0	0	0	.	0	0	0	2	0	0	0	0	0	.	2	.	.	0	.	0	0	.	2	.	0	2	.	.	0	0	.	0	0	0	.	0	0	0	0	0	0	.	0	0	.	0	0	0	.	.	.	0	.	0	.	0	.	2	0	.	.	0	0	0	0	0	0	.	.	0	0	2	0	.	0	0	.	.	0	0	0	0	0	0	.	0	.	.	.	.	0	0	0	0	0	2	2	2	.	2	2	2	.	1	.	2	2	2	2	.	2	2	2	.	2	0	1	2	1	1	1	1	1	1	1	1	1	1	1	1	1	2	1	1	1	1	1	1	1	1	1	1	0	2	2	0	2	2	0	0	0	2	0	1	0	2	0	2	0	0	0	0
107988219	0	0	0	0	0	0	0	0	0	0	0	0	0	0	0	0	0	0	0	0	0	0	0	0	0	0	0	0	0	0	0	0	0	0	0	0	2	0	0	0	0	0	0	0	0	2	0	0	0	0	0	0	0	0	0	0	0	0	0	2	0	0	0	0	0	0	0	0	2	0	0	0	0	.	0	0	0	0	0	0	0	0	2	0	0	0	0	0	0	0	0	0	0	0	0	2	0	0	0	0	0	2	0	0	0	0	2	2	2	2	2	2	2	2	2	2	2	2	2	2	2	2	2	2	2	2	2	1	2	1	1	1	1	1	1	1	1	1	1	1	1	1	2	1	1	1	1	1	1	1	1	1	1	0	0	0	0	0	0	0	0	0	0	0	0	0	0	0	2	0	2	0	0
108699044	0	.	.	.	0	0	.	0	0	0	0	0	.	0	.	.	0	0	.	0	0	.	0	0	.	2	0	0	0	.	.	0	0	2	.	0	.	0	.	.	0	0	0	0	0	.	0	0	0	.	0	.	0	0	.	.	.	.	0	.	0	0	0	0	0	.	.	0	2	0	.	.	0	.	0	0	0	0	0	0	0	0	0	.	.	.	0	0	0	0	0	0	0	0	0	0	.	0	.	0	.	2	0	0	0	0	2	2	2	2	2	2	.	2	2	0	.	2	.	.	2	2	2	2	2	2	0	1	2	1	1	1	1	1	1	1	1	1	1	1	1	1	2	1	1	1	1	1	1	1	1	1	1	0	2	2	0	2	2	2	0	0	2	0	0	0	2	0	2	0	0	0	0
108776002	0	0	0	0	0	0	0	0	0	0	0	0	0	0	0	0	.	0	.	0	0	0	0	0	0	.	0	0	0	0	0	0	0	0	0	0	0	.	0	0	0	0	0	0	0	0	0	0	0	0	0	0	0	0	0	0	.	0	0	.	0	0	0	0	0	0	0	0	.	0	.	0	.	0	0	0	0	0	0	0	0	0	0	0	.	0	0	0	0	0	0	0	0	0	0	.	0	0	0	0	0	0	0	0	0	0	2	.	2	2	2	2	2	.	1	2	2	2	2	2	2	0	.	2	.	2	0	0	0	0	0	0	0	0	0	0	0	0	0	0	0	0	0	0	0	0	0	0	0	0	0	0	0	0	0	0	0	0	0	0	0	0	0	0	0	0	.	0	0	0	0	0	0
108776003	0	0	0	0	0	0	0	0	0	0	0	0	0	0	0	0	.	0	.	0	0	0	0	0	0	.	0	0	0	0	0	0	0	0	0	0	2	.	0	0	0	0	0	0	0	2	0	0	0	0	0	0	0	0	0	0	.	0	0	.	0	0	0	0	0	0	2	0	.	0	.	0	.	0	0	0	0	0	0	0	0	0	2	0	.	0	0	0	0	0	0	0	0	0	0	.	0	0	0	0	0	0	0	0	0	0	2	.	2	2	2	2	2	.	1	2	2	2	2	2	2	2	.	2	.	2	0	1	2	1	1	1	1	1	1	1	1	1	1	1	1	1	2	1	1	1	1	1	1	1	1	1	1	0	0	0	0	0	0	0	0	0	0	0	0	0	.	0	0	0	0	0	0
110150631	0	.	0	.	0	0	0	.	0	0	0	0	0	0	0	0	0	0	0	2	0	0	0	0	0	.	0	0	.	.	0	0	0	0	0	.	.	.	0	0	0	0	0	0	.	2	0	0	0	0	0	.	0	0	0	0	0	0	.	.	0	0	0	0	0	.	0	.	2	0	.	0	.	.	0	0	.	0	0	0	0	0	.	0	0	0	0	0	0	0	0	0	0	.	0	0	.	.	0	0	0	2	0	0	0	0	2	.	2	2	2	2	2	2	2	2	2	2	2	0	2	2	.	2	2	2	0	1	2	1	1	1	1	1	1	1	1	1	1	1	1	1	2	1	1	1	1	1	1	1	1	1	1	0	0	0	0	0	0	0	0	0	0	0	0	0	0	0	0	0	0	0	0
110247665	0	0	0	0	0	0	0	0	0	0	0	0	0	0	0	0	.	0	0	0	.	0	0	0	0	0	0	0	0	.	0	0	0	0	0	0	2	0	.	0	0	0	.	0	.	2	0	0	0	0	0	.	.	0	0	0	0	.	0	.	0	0	0	0	0	0	.	.	2	0	0	0	.	0	0	0	0	0	.	0	0	0	.	0	0	0	.	0	0	0	0	0	0	0	0	0	0	0	.	0	0	2	0	0	0	0	.	2	2	2	2	2	2	2	2	2	2	2	2	2	2	.	.	2	.	2	0	1	2	1	1	1	1	1	1	1	1	2	1	1	1	1	2	1	1	2	2	1	1	2	1	2	1	0	0	0	0	0	0	0	0	0	0	0	0	0	0	0	0	0	0	0	0
111668445	0	.	0	.	0	0	0	0	0	.	0	0	0	0	.	0	0	.	.	0	0	.	0	0	.	2	0	0	0	0	0	0	0	0	.	.	2	0	0	0	0	0	.	0	0	2	0	.	0	.	0	0	0	0	.	.	0	0	0	2	0	0	0	0	0	.	.	.	2	.	.	0	0	.	0	0	0	0	0	0	0	0	2	0	.	0	.	0	0	0	0	0	0	0	0	0	0	.	0	.	0	.	0	0	0	0	2	2	2	2	2	.	2	.	2	2	2	.	2	2	2	2	.	2	2	2	0	1	2	1	1	1	1	1	1	1	1	1	1	1	1	1	2	1	1	1	1	1	1	1	1	1	1	0	2	2	0	2	2	2	0	0	2	0	0	0	2	0	2	0	0	0	0
112802382	0	0	0	0	.	0	0	.	0	2	0	0	0	0	0	0	0	.	2	0	0	0	0	0	0	.	0	0	0	0	2	0	0	2	0	.	2	.	.	0	0	0	0	0	0	.	.	0	0	.	0	0	0	0	0	0	0	0	0	.	0	0	0	.	0	0	.	0	.	0	.	.	.	0	0	0	0	0	0	0	0	0	2	0	.	0	.	0	0	0	0	0	.	0	0	0	.	0	0	0	.	0	0	.	0	0	2	2	0	2	2	2	2	2	.	2	0	2	2	1	2	2	2	2	.	2	0	1	2	1	1	1	1	1	1	1	1	1	1	1	1	1	2	1	1	1	1	1	1	1	1	1	1	0	2	2	0	2	2	2	0	0	2	0	0	0	2	0	2	0	0	0	0
112802503	0	0	0	0	0	0	0	0	0	0	0	0	0	0	.	0	0	0	0	0	0	0	0	0	.	0	0	0	0	0	0	.	0	0	0	.	0	0	.	0	0	0	0	0	0	.	0	0	0	0	0	0	0	0	0	0	0	0	.	.	0	0	0	0	0	0	0	0	0	0	0	0	0	0	0	0	0	0	0	.	0	0	.	.	0	0	0	0	0	0	.	0	0	0	0	0	.	.	.	0	0	.	0	0	0	0	2	.	2	2	2	2	2	2	1	2	0	2	2	2	2	0	2	2	.	2	0	0	0	0	0	0	0	0	0	0	0	0	0	0	0	0	0	0	0	0	0	0	0	0	0	0	0	0	0	0	0	0	0	0	0	0	0	0	0	0	0	0	0	0	0	0	0
112802574	0	0	0	0	0	0	0	0	0	0	0	0	0	.	0	0	0	0	0	.	0	.	0	0	0	0	0	0	0	0	0	0	0	0	.	.	2	0	.	.	0	0	0	0	0	.	0	0	0	0	0	0	0	0	0	.	0	0	.	.	0	0	0	0	0	.	.	.	0	0	0	0	0	0	0	0	0	0	0	.	0	0	.	.	.	0	.	0	0	0	0	0	0	.	0	.	0	.	.	0	0	0	0	0	0	0	2	.	.	.	2	2	2	2	2	0	2	2	2	2	1	2	2	.	2	2	0	1	2	1	1	1	1	1	1	1	1	1	1	1	1	1	2	1	1	1	1	1	1	1	1	1	1	0	0	0	0	0	0	0	0	0	0	0	0	0	0	0	0	0	0	0	0
114111635	0	0	0	0	0	0	0	0	0	0	0	0	0	.	0	0	.	0	0	0	0	0	0	0	0	0	0	0	0	.	0	0	0	0	0	.	2	0	0	0	0	0	0	0	0	0	0	0	0	0	0	0	.	0	0	0	0	0	0	1	0	0	0	.	0	0	.	0	2	0	.	0	0	0	0	0	0	0	.	0	0	0	2	0	.	0	0	0	0	0	0	0	0	0	0	0	0	0	0	0	0	0	0	0	0	0	2	2	2	2	2	2	2	2	2	2	2	2	2	2	2	2	2	2	.	2	0	1	2	1	1	1	1	1	1	1	1	1	1	1	1	1	2	1	1	1	1	1	1	1	1	1	1	0	0	0	0	0	0	0	0	0	0	0	0	0	0	0	0	0	0	0	0
114111691	0	0	0	0	0	0	0	0	0	0	0	0	0	0	0	0	0	0	0	0	0	0	0	0	0	0	0	0	0	0	0	0	0	0	0	0	2	0	0	0	0	0	0	0	0	2	0	0	0	0	0	0	0	0	0	0	0	0	0	2	0	0	0	0	0	0	2	0	2	0	0	0	0	0	0	0	0	0	0	0	0	0	2	0	0	0	0	0	0	0	0	0	0	0	0	0	0	0	0	0	0	0	0	0	0	0	2	2	2	2	2	2	2	2	2	2	2	2	2	2	2	2	2	2	2	2	0	1	2	1	1	1	1	1	1	1	1	1	1	1	1	1	2	1	1	1	1	1	1	1	1	1	1	0	0	0	0	0	0	0	0	0	0	0	0	0	0	0	0	0	0	0	0
114389302	0	0	0	0	0	0	0	0	0	0	0	0	0	0	0	0	0	0	0	0	0	0	0	0	0	0	0	0	0	0	0	0	0	0	0	0	0	0	0	0	0	0	0	0	0	0	0	0	0	0	0	0	0	0	0	0	0	0	0	0	0	0	0	0	0	0	0	0	0	0	0	0	0	0	0	0	0	0	0	0	0	0	0	0	0	0	0	0	0	0	0	0	0	0	0	0	0	0	0	0	0	0	0	0	0	0	2	2	2	2	2	2	2	2	2	2	2	2	2	2	2	0	2	2	2	2	0	0	0	0	0	0	0	0	0	0	0	0	0	0	0	0	0	0	0	0	0	0	0	0	0	0	0	0	0	0	0	0	0	0	0	0	0	0	0	0	0	0	0	0	0	0	0
114389532	0	0	0	.	0	0	0	0	0	0	0	0	0	0	0	0	.	0	0	0	.	0	0	0	0	0	.	0	0	.	0	0	0	0	0	0	.	.	0	0	0	0	0	0	0	0	0	0	0	0	0	0	.	0	0	0	0	0	.	0	0	0	0	0	0	0	0	0	0	0	0	0	0	0	0	0	0	0	0	0	0	0	0	0	0	0	0	0	0	0	0	0	0	0	0	0	.	0	0	0	0	0	0	0	0	0	2	2	2	2	2	.	2	2	2	2	2	2	2	2	.	0	2	2	0	2	0	0	0	0	0	0	0	0	0	0	0	0	0	0	0	0	0	0	0	0	0	0	0	0	0	0	0	0	0	0	0	0	0	0	0	0	0	0	0	0	0	0	0	0	0	0	0
114406412	0	0	0	0	0	0	0	.	0	0	0	0	0	0	0	0	.	0	0	.	.	0	0	0	0	0	0	0	0	0	0	0	0	0	0	0	2	.	0	0	0	0	0	0	0	2	0	.	0	0	0	0	0	.	0	.	0	0	.	2	0	0	0	.	0	0	.	0	.	0	0	0	0	.	.	0	0	0	0	0	0	0	2	0	0	0	0	0	0	0	0	0	0	0	0	0	0	0	0	0	0	0	0	0	0	0	0	0	2	.	2	2	2	2	2	2	0	0	2	2	.	2	0	.	2	2	0	1	2	1	1	1	1	1	1	1	1	1	1	1	1	1	2	1	1	1	1	1	1	1	1	1	1	0	0	0	0	0	0	0	0	0	0	0	0	0	.	0	0	0	0	0	0
115826941	0	0	0	0	0	0	0	0	0	0	0	0	0	0	0	0	0	.	0	0	0	0	0	0	0	0	0	0	0	.	0	0	0	0	0	0	2	0	0	0	0	0	0	0	.	2	0	0	0	0	0	0	0	0	0	0	0	0	0	1	0	0	0	0	0	0	2	0	2	0	0	0	.	0	0	0	0	0	0	0	0	0	2	0	0	0	0	0	0	0	0	0	0	0	0	0	.	.	0	0	.	0	0	0	0	0	2	.	2	2	2	2	2	2	2	2	2	2	2	2	2	2	2	2	2	2	0	1	2	1	1	1	1	1	1	1	1	1	1	1	1	1	2	1	1	1	1	1	1	1	1	1	1	0	0	0	0	0	0	0	0	0	0	0	0	0	.	0	0	0	0	0	0
115827602	0	0	0	0	0	0	0	0	0	2	0	0	0	0	0	0	0	0	2	0	0	0	0	0	0	2	0	0	0	0	0	0	0	2	0	0	2	0	0	0	0	0	0	0	2	2	0	0	0	0	0	0	0	0	0	0	0	0	0	2	0	0	0	0	0	0	2	0	2	0	0	0	0	0	0	0	0	0	0	0	0	0	2	0	0	0	0	0	0	0	0	0	0	0	0	0	0	0	0	0	0	0	0	0	0	0	2	2	2	2	2	2	2	2	2	2	2	2	2	2	2	2	2	2	2	2	0	1	2	1	1	1	1	1	1	1	1	1	1	1	1	1	2	1	1	1	1	1	1	1	1	1	1	0	2	2	0	0	0	2	0	0	0	0	1	0	0	0	2	0	0	0	0
117651653	0	0	0	0	0	0	0	.	0	0	0	0	0	0	0	0	.	0	0	0	0	0	0	0	0	0	0	0	0	0	0	0	0	0	0	0	0	0	0	0	0	0	0	0	0	0	0	0	0	0	0	0	0	0	0	0	0	0	0	.	0	0	0	0	0	0	0	0	0	0	0	0	0	.	0	0	0	0	.	0	.	0	0	0	0	0	0	0	0	0	0	0	0	0	0	0	.	0	0	0	0	.	0	0	0	0	2	0	2	2	2	2	0	0	2	2	.	2	.	2	.	.	2	2	2	2	0	0	0	0	0	0	0	0	0	0	0	0	0	0	0	0	0	0	0	0	0	0	0	0	0	0	0	0	0	0	0	0	0	0	0	0	0	0	0	0	0	0	0	0	.	0	0
117651938	0	0	0	0	2	0	0	0	0	0	0	0	0	0	0	0	0	0	0	0	0	0	0	0	0	0	0	0	0	0	0	0	0	0	0	0	0	0	0	0	0	0	0	0	0	0	0	0	0	0	0	0	0	0	0	0	0	0	0	0	0	0	0	0	0	0	0	0	0	0	0	0	0	0	0	0	0	0	0	0	0	0	0	0	0	0	0	0	0	0	0	0	0	0	0	0	0	0	0	0	0	0	0	0	0	0	2	2	2	2	2	2	0	2	2	2	2	2	2	2	2	0	2	2	2	2	0	0	0	0	0	0	0	0	0	0	0	0	0	0	0	0	0	0	0	0	0	0	0	0	0	0	0	0	0	0	0	0	0	0	0	0	0	0	0	0	0	0	0	0	0	0	0
117651945	0	0	0	0	2	0	0	0	0	0	0	0	0	0	0	0	0	0	0	0	0	0	0	0	0	0	0	0	0	0	0	0	0	0	0	0	0	0	.	0	0	0	0	0	0	0	0	0	0	0	0	0	0	0	0	0	0	0	0	0	0	0	0	0	0	0	0	0	0	0	0	0	0	0	0	0	0	0	0	0	0	0	0	0	0	0	0	0	0	0	0	0	0	0	0	0	0	0	0	0	0	0	0	0	0	0	2	2	2	2	2	2	0	2	2	2	2	2	2	2	2	0	2	2	2	2	0	0	0	0	0	0	0	0	0	0	0	0	0	0	0	0	0	0	0	0	0	0	0	0	0	0	0	0	0	0	0	0	0	0	0	0	0	0	0	0	0	0	0	0	0	0	0
118053177	0	0	0	0	0	0	0	0	0	0	0	0	0	0	0	0	0	0	0	0	0	0	0	0	0	0	0	0	0	0	0	0	0	0	0	0	0	0	0	0	0	0	0	0	0	0	0	0	0	0	0	0	0	0	0	0	0	0	2	0	0	0	0	0	0	0	0	0	0	0	0	0	0	0	0	0	0	0	0	0	0	0	0	0	0	0	0	0	0	0	0	0	0	0	0	0	0	0	0	0	0	0	0	0	0	0	2	2	2	2	2	2	2	2	2	2	2	2	2	2	2	0	2	2	2	2	0	0	0	0	0	0	0	0	0	0	.	0	0	0	0	0	0	0	0	0	0	0	0	0	0	0	0	0	0	0	0	0	0	0	0	0	0	0	0	0	0	0	0	0	0	0	0
118053324	0	0	0	0	0	0	0	0	0	0	0	0	0	0	0	0	0	0	0	0	0	0	0	0	0	0	0	0	0	0	0	0	0	0	0	0	0	0	0	0	0	0	0	0	0	0	0	0	0	0	0	0	0	0	0	0	0	0	0	0	0	0	0	0	0	0	0	0	0	0	0	0	0	0	0	0	0	0	0	0	0	0	0	0	0	0	0	0	0	0	0	0	0	0	0	0	0	0	0	0	0	0	0	0	0	0	2	2	2	2	2	2	2	2	2	2	2	2	2	2	2	0	2	2	2	2	0	0	0	0	0	0	0	0	0	0	0	0	0	0	0	0	0	0	0	0	0	0	0	0	0	0	0	0	0	0	0	0	0	0	0	0	0	0	0	0	0	0	0	0	0	0	0
119300500	0	0	0	0	0	0	0	0	0	0	0	0	0	0	0	0	0	0	0	0	0	0	0	0	0	0	0	0	0	0	0	0	0	0	0	0	0	0	0	0	0	0	0	0	0	0	0	0	0	0	0	0	0	0	0	0	0	0	0	0	0	0	0	0	0	0	0	0	0	0	0	0	0	0	0	0	0	0	0	0	0	0	0	0	0	0	0	0	0	0	0	0	0	0	0	0	0	.	0	0	0	0	0	0	0	0	2	2	2	2	2	2	2	2	2	2	2	2	2	2	2	0	2	2	2	2	0	0	0	0	0	0	0	0	0	0	0	0	0	0	0	0	0	0	0	0	0	0	0	0	0	0	0	0	0	0	0	0	0	0	0	0	0	0	0	0	0	0	0	0	0	0	0
120520109	0	0	0	0	0	0	0	0	0	0	0	0	0	0	0	0	0	0	0	0	0	0	0	0	0	0	0	0	0	0	0	0	0	0	0	0	0	0	0	0	0	0	0	0	0	0	0	0	0	0	0	0	0	0	0	0	0	0	0	0	0	0	0	0	0	0	0	0	0	0	0	0	0	0	0	0	0	0	0	0	0	0	0	0	0	0	0	0	0	0	0	0	0	0	0	0	0	0	0	0	0	0	0	0	0	0	2	2	2	2	2	2	2	2	2	2	2	2	2	2	2	0	2	2	0	2	0	0	0	0	0	0	0	0	0	0	0	0	0	0	0	0	0	0	0	0	0	0	0	0	0	0	0	0	0	0	0	0	0	0	0	0	0	0	0	0	0	0	0	0	0	0	0
120520181	0	0	0	0	0	0	0	0	0	0	0	0	0	0	0	0	0	0	0	0	0	0	0	0	0	0	0	0	0	0	0	0	0	0	0	0	0	0	0	0	0	0	0	0	0	0	0	0	0	0	0	0	0	0	0	0	0	0	0	0	0	0	0	0	0	0	0	0	0	0	0	0	0	0	0	0	0	0	0	0	0	0	0	0	0	0	0	0	0	0	0	0	0	0	0	0	0	0	0	0	0	0	0	0	0	0	2	2	2	2	2	2	2	2	2	2	2	2	2	2	2	0	2	2	2	2	0	0	0	0	0	0	0	0	0	0	0	0	0	0	0	0	0	0	0	0	0	0	0	0	0	0	0	0	0	0	0	0	0	0	0	0	0	0	0	0	.	0	0	0	0	0	0
121704206	0	.	0	0	0	0	0	0	0	0	.	0	0	0	0	0	0	0	0	0	0	0	0	0	0	0	0	0	0	0	0	0	0	0	0	0	.	.	0	0	0	0	0	0	0	2	0	0	0	0	0	0	0	0	0	.	0	0	0	0	0	0	0	0	0	0	0	0	0	0	.	0	0	0	0	0	0	0	0	.	0	0	2	0	0	0	0	0	0	0	0	0	0	0	0	0	0	0	0	0	0	0	0	0	0	0	2	2	2	2	2	2	1	0	1	2	2	2	2	.	0	2	2	2	2	2	0	0	0	2	0	0	0	0	0	0	0	2	2	2	1	2	2	2	2	1	1	1	1	1	1	1	1	0	0	0	0	0	0	0	0	0	0	0	.	0	0	0	0	0	0	0	0
122029353	0	0	0	0	0	0	0	0	0	0	0	0	0	0	0	0	0	0	0	0	0	0	0	0	0	0	0	0	0	0	0	0	0	0	0	0	0	0	0	0	0	0	0	0	0	0	0	0	0	0	0	0	0	0	0	0	0	0	0	0	0	0	0	0	0	0	0	0	0	0	0	0	0	0	0	0	0	0	0	0	0	0	0	0	0	0	0	0	0	0	0	0	0	0	0	0	0	0	0	0	0	0	0	0	0	0	2	2	0	2	2	2	2	2	2	2	2	2	2	2	0	0	2	2	2	2	0	0	0	0	0	0	0	0	0	0	0	0	0	0	0	0	0	0	0	0	0	0	0	0	0	0	0	0	0	0	0	0	0	0	0	0	0	0	0	0	0	0	0	0	0	0	0
122030988	.	.	.	.	0	0	0	.	0	0	0	0	0	.	.	0	.	0	.	0	0	.	0	0	0	0	.	.	.	.	0	0	0	0	0	.	.	.	.	0	0	0	.	0	0	0	0	.	0	0	0	0	0	0	0	0	.	.	0	.	.	.	0	0	0	0	.	.	.	0	.	0	0	.	0	0	.	0	0	.	0	.	0	0	0	0	0	.	.	.	0	0	.	.	0	.	.	.	0	.	0	.	0	0	0	0	.	2	.	0	2	2	2	.	.	.	.	2	2	2	.	.	2	2	.	2	0	0	0	0	0	0	0	0	0	0	0	0	0	0	0	0	0	0	0	0	0	0	0	0	0	0	0	0	0	0	0	0	0	0	0	0	0	0	0	0	0	0	0	0	0	0	0
122399045	0	0	0	.	0	0	0	.	0	0	.	.	.	.	.	.	0	0	0	0	0	0	0	.	.	0	.	0	0	0	.	0	0	0	0	.	0	0	0	0	0	0	0	0	0	0	0	.	.	.	0	0	0	0	0	.	.	0	.	0	0	0	0	0	0	0	.	.	.	.	0	.	.	.	0	0	.	0	.	.	.	0	.	0	.	.	.	.	.	0	0	.	.	0	0	0	.	0	.	0	.	0	.	0	0	.	0	2	.	2	2	2	2	2	2	2	.	2	.	2	.	.	.	2	.	2	0	0	0	0	0	0	0	0	0	0	0	0	0	0	0	0	0	0	0	0	0	0	0	0	0	0	0	0	0	0	0	0	0	0	0	0	0	0	0	0	0	0	0	0	0	0	0
122443102	0	0	0	0	0	0	0	0	0	0	0	0	0	0	0	0	0	0	0	0	0	0	0	2	2	2	2	2	2	2	2	2	2	2	2	2	2	2	2	2	2	2	2	2	2	2	2	2	2	2	2	2	2	2	2	2	2	2	2	2	2	2	2	2	2	1	2	2	1	2	2	2	2	2	2	2	1	1	1	2	1	1	1	1	1	1	1	2	1	1	1	1	1	1	1	1	1	1	1	1	1	1	1	1	1	1	0	0	0	0	0	0	0	0	2	2	2	2	2	2	2	1	2	2	2	2	1	1	1	1	1	1	1	1	1	1	1	1	1	1	1	1	2	1	1	1	1	1	1	1	1	1	1	0	0	0	0	0	0	0	0	0	0	0	0	0	0	0	0	0	0	0	0
123909761	0	.	0	0	0	0	0	.	0	0	0	0	0	0	0	0	0	0	0	0	0	0	0	2	2	2	2	2	2	2	2	2	2	2	2	2	0	2	2	2	2	2	2	2	2	0	2	2	.	0	2	2	2	2	2	2	2	2	2	2	2	2	0	2	2	2	2	.	2	2	0	2	2	2	2	2	1	1	1	1	1	1	2	1	1	1	1	.	1	.	2	1	1	1	1	1	1	1	1	1	1	.	1	1	1	1	0	0	0	0	0	0	.	0	0	2	2	2	2	2	2	2	2	2	2	2	1	1	1	1	1	1	1	1	1	1	.	2	2	2	2	2	0	2	2	0	0	0	0	0	0	0	0	0	0	0	0	0	0	0	0	0	0	0	0	0	0	0	0	0	0	0	0
123909840	0	0	0	0	0	0	0	0	0	0	0	0	0	0	0	0	0	0	0	0	0	0	0	2	2	2	2	2	2	2	2	2	2	2	2	2	0	2	2	2	2	2	2	2	2	0	2	2	2	2	2	2	2	2	2	2	2	2	2	2	2	2	2	2	2	2	2	2	2	2	2	2	2	2	2	2	1	1	1	1	1	1	2	1	1	2	1	1	1	1	1	2	2	1	1	1	1	1	1	1	1	1	1	1	1	1	0	0	0	0	0	0	0	0	2	2	2	2	2	2	2	2	2	2	2	2	1	1	1	2	1	1	1	1	1	1	.	2	2	2	2	2	0	2	2	0	0	0	0	0	0	0	0	0	0	0	0	0	0	0	0	0	0	0	0	0	0	0	0	0	0	0	0
123910164	0	0	0	0	0	0	0	0	0	0	0	0	0	0	0	0	0	0	0	0	0	0	0	2	2	2	2	2	2	2	2	2	2	2	2	2	0	2	2	2	2	2	2	2	2	0	2	2	2	2	2	2	2	2	2	2	2	2	2	2	2	2	2	2	2	2	2	2	2	2	2	2	2	2	2	2	1	1	1	1	1	1	2	1	1	1	1	2	1	1	1	1	1	1	1	1	1	1	1	1	1	1	1	1	1	2	0	0	0	0	0	0	0	0	2	2	2	2	2	2	2	2	2	2	2	2	1	1	1	2	1	1	1	1	1	1	.	2	2	2	2	2	0	2	2	0	0	0	0	0	0	0	0	0	0	0	0	0	0	0	0	0	0	0	0	0	0	0	0	0	0	0	0
123910235	0	0	0	0	0	.	0	0	0	0	0	0	0	0	0	0	0	0	0	0	0	0	0	0	0	0	0	0	0	0	0	0	0	0	0	0	0	0	0	0	0	0	0	0	0	0	0	0	0	0	0	0	0	0	0	0	0	0	0	0	0	0	0	0	0	0	0	0	0	0	0	0	0	0	0	0	0	0	0	0	0	0	0	0	0	0	0	0	0	0	0	0	0	0	0	0	0	0	0	0	0	.	0	0	0	0	2	2	2	2	2	2	2	2	2	2	2	2	2	2	2	0	2	2	2	2	0	0	0	0	0	0	0	0	0	0	.	0	0	0	0	0	0	0	0	0	0	0	0	0	0	0	0	0	0	0	0	0	0	0	0	0	0	0	0	0	0	0	0	0	0	0	0
123910357	0	0	0	0	0	0	0	0	0	0	0	0	0	0	0	0	0	0	0	0	0	0	0	2	2	2	2	2	2	2	2	2	2	2	2	2	0	2	2	2	2	2	2	2	2	0	2	2	2	2	0	2	0	2	2	2	2	2	2	2	2	2	2	2	2	2	0	2	.	2	.	2	0	2	2	2	1	1	2	1	1	1	2	1	1	1	1	2	1	2	1	1	2	1	1	1	1	1	1	1	.	.	1	1	1	1	0	0	2	0	0	0	0	0	2	2	2	2	.	2	2	2	1	2	.	2	1	1	1	1	1	1	1	1	1	1	1	2	2	2	2	2	0	2	2	0	0	0	0	0	0	0	0	0	0	0	0	0	0	0	0	0	0	0	0	0	0	0	0	0	0	0	0
123910379	0	0	0	0	0	0	0	0	0	0	0	0	0	0	0	0	0	0	0	0	0	0	0	2	2	2	2	2	2	2	2	2	2	2	2	2	2	2	2	2	2	2	2	2	2	2	2	2	2	2	2	2	2	2	1	2	2	2	2	2	2	2	2	2	2	.	.	2	.	2	.	2	0	2	2	2	1	1	2	1	1	1	1	1	1	1	1	2	1	1	1	1	2	1	1	1	1	1	1	1	.	.	1	1	1	1	0	0	0	0	0	0	0	0	2	2	2	2	.	2	2	.	.	2	.	2	1	1	1	1	1	1	1	1	1	1	1	1	1	1	1	1	2	1	1	1	1	1	1	1	1	1	1	0	0	0	0	0	0	0	0	0	0	0	0	0	0	0	0	0	0	0	0
124603095	.	.	0	0	0	0	0	0	0	0	0	0	.	0	0	0	0	0	0	0	.	0	0	0	0	0	.	0	0	0	.	0	.	0	0	0	.	.	.	0	0	0	0	0	.	0	0	0	0	0	0	0	0	0	0	2	0	.	.	.	0	0	0	0	.	.	0	0	.	.	0	.	0	0	0	0	0	0	0	0	0	0	.	.	0	0	0	0	0	.	.	0	0	0	.	.	0	0	0	0	.	0	0	.	0	0	2	2	2	0	2	.	2	2	2	2	2	2	2	2	.	0	2	2	0	2	0	0	0	0	0	0	0	0	0	0	0	0	0	0	0	0	0	0	0	.	.	.	.	.	.	.	.	0	0	0	0	0	0	0	0	0	0	0	0	0	0	0	0	0	0	0	0
124603334	0	0	0	0	0	0	0	0	0	0	0	0	0	0	0	0	0	0	0	0	0	0	0	2	2	2	2	2	2	2	2	2	2	2	2	2	0	2	2	2	2	2	2	0	2	0	2	2	2	2	2	2	2	2	2	2	2	2	2	2	.	2	2	2	2	2	2	2	1	2	2	2	2	2	2	2	1	1	1	1	1	1	1	2	2	1	1	1	1	1	1	1	2	1	1	1	1	1	1	1	1	1	1	1	1	1	0	0	0	0	0	0	0	0	2	2	2	2	2	2	2	1	2	2	2	2	1	1	1	1	1	1	1	1	1	1	1	1	1	1	1	1	0	1	1	.	.	.	.	.	.	.	.	0	0	0	0	0	0	0	0	0	0	0	0	0	0	0	0	0	0	0	0
124604064	2	0	0	0	0	0	0	0	0	0	0	0	0	0	0	0	0	0	0	0	0	0	0	2	2	2	2	2	2	2	2	2	2	0	2	2	0	2	2	2	2	2	2	2	2	0	2	2	2	2	2	2	0	2	2	2	2	2	.	.	2	2	2	2	2	2	2	2	1	2	2	2	2	1	2	2	1	1	1	1	1	1	1	2	2	1	1	1	1	.	1	1	1	1	1	1	1	1	1	1	1	1	1	1	1	1	0	0	0	0	0	0	2	0	2	2	2	2	2	2	1	.	2	2	2	1	1	1	1	2	1	1	1	1	1	1	1	1	1	1	1	1	0	1	2	.	.	.	.	.	.	.	.	0	0	0	0	0	0	0	0	0	0	0	0	0	0	0	0	0	0	0	0
125732647	0	0	0	0	0	0	0	0	0	0	0	0	0	.	.	0	0	0	0	0	.	0	0	2	2	2	2	.	2	2	2	2	2	2	2	2	0	2	2	2	2	2	2	2	2	0	2	2	2	2	2	2	2	2	1	0	.	2	0	2	2	2	2	2	2	2	.	.	2	2	2	2	.	2	2	2	.	1	1	1	1	1	.	1	2	1	1	1	.	1	1	1	1	.	1	1	1	1	1	1	1	1	1	1	1	1	0	0	0	0	0	0	.	0	2	2	2	2	2	2	2	2	2	2	2	2	1	1	1	1	1	1	1	1	1	1	1	1	2	2	1	2	0	2	2	0	0	0	0	0	0	.	0	0	0	0	0	0	0	0	0	0	0	0	0	0	0	0	0	0	0	0	0
125732698	0	0	0	0	0	0	0	0	0	0	0	0	0	0	.	0	0	0	0	0	0	0	0	2	2	2	2	2	2	2	2	2	2	2	2	2	0	2	2	2	2	2	2	2	2	0	2	2	2	2	2	2	2	2	2	0	0	2	2	2	2	2	2	2	2	2	.	2	2	2	2	2	2	2	1	2	.	1	1	1	1	1	2	1	1	1	1	1	1	1	1	1	1	1	1	1	1	1	1	1	1	1	1	1	1	1	0	0	0	0	0	0	0	0	.	2	2	2	2	2	1	2	2	2	2	2	1	1	1	1	1	1	1	1	1	1	1	1	2	2	1	2	0	2	2	0	0	0	0	0	0	.	0	0	0	0	0	0	0	0	0	0	0	0	0	0	0	0	0	0	0	0	0
125732754	0	0	0	0	0	0	0	0	0	0	0	0	0	0	0	0	0	0	0	0	0	0	0	0	0	0	0	0	0	0	0	0	0	0	0	.	0	0	0	0	0	0	0	0	0	0	0	0	0	0	0	0	0	0	0	0	0	0	0	0	0	0	0	0	0	0	0	0	0	0	0	0	0	0	0	0	0	0	0	0	0	0	0	0	0	0	0	0	0	0	0	0	0	0	0	0	0	0	0	0	0	0	0	0	0	0	2	2	2	2	2	2	2	2	1	2	2	2	2	2	0	0	2	2	2	2	0	0	0	0	0	0	0	0	0	0	0	0	0	0	0	0	0	0	0	0	0	0	0	0	0	.	0	0	0	0	0	0	0	0	0	0	0	0	0	0	0	0	0	0	0	0	0
126042862	0	0	0	0	0	0	0	0	0	0	0	0	.	0	0	0	0	0	0	0	0	0	0	2	2	2	2	2	2	2	2	2	2	2	2	2	2	2	2	2	2	2	2	2	2	2	2	2	.	2	2	2	2	2	2	2	2	2	2	2	2	2	2	2	2	2	2	2	1	2	2	2	2	2	2	2	1	1	1	1	1	1	1	.	2	1	1	1	1	1	1	1	1	1	1	1	1	1	1	1	1	1	1	1	1	1	.	0	0	0	0	0	0	0	2	2	2	0	2	2	2	1	2	0	2	2	1	1	1	1	1	1	1	1	1	1	1	1	1	1	1	1	2	1	1	1	1	1	1	1	1	1	1	0	0	0	0	0	0	0	0	0	0	0	0	0	.	0	0	0	0	0	0
126523064	0	0	0	.	0	0	0	0	0	0	0	0	0	.	0	0	0	0	0	0	0	0	0	0	2	2	2	2	2	2	2	0	2	2	2	.	.	.	2	2	2	2	.	2	.	2	.	2	2	2	2	.	.	2	2	2	2	2	2	2	2	2	0	1	.	.	0	2	1	0	0	.	2	2	2	2	1	1	1	1	1	1	1	1	.	1	2	1	.	1	1	1	2	1	1	1	1	1	1	1	1	1	1	1	1	1	0	0	0	0	0	0	0	0	2	2	.	0	2	2	.	1	2	.	0	2	1	1	1	1	1	1	1	1	1	1	1	1	1	1	1	1	2	1	1	1	1	1	1	1	1	1	1	0	0	0	0	0	0	0	0	0	0	0	.	0	0	0	0	0	0	0	0
126523668	0	.	0	0	0	0	0	0	0	0	0	0	.	.	0	0	.	0	0	0	0	0	0	.	0	0	.	0	0	0	0	0	0	.	.	0	.	.	0	.	0	0	0	0	.	0	0	0	.	0	0	0	0	0	0	0	0	0	.	.	.	.	0	0	.	.	.	0	0	0	.	0	0	.	0	0	0	0	0	0	0	0	0	0	.	0	0	0	.	0	0	0	.	.	0	0	0	0	.	0	.	0	0	.	0	0	2	2	2	2	2	2	2	2	.	2	2	2	0	2	.	0	2	0	.	2	0	0	0	0	0	0	0	0	0	0	0	0	0	0	0	0	0	0	0	0	0	0	0	0	0	0	0	0	0	0	0	0	0	0	0	0	0	0	0	0	0	0	0	0	0	0	0
126580751	0	0	0	0	0	0	0	0	0	0	0	0	0	0	0	0	0	0	0	0	0	0	0	2	2	2	2	2	2	2	2	2	2	2	2	2	0	2	2	2	2	2	2	2	2	0	2	2	2	2	2	2	2	2	2	2	2	2	2	2	2	2	2	2	2	2	2	2	2	2	2	2	2	2	2	2	1	1	1	1	1	1	2	1	1	1	1	2	2	1	1	1	1	1	1	1	.	1	1	1	1	1	1	1	1	1	0	0	0	0	0	0	0	0	2	2	2	2	2	2	2	2	2	2	2	2	1	1	1	1	1	1	1	1	1	1	1	2	2	2	2	2	0	2	2	0	0	0	0	0	0	0	0	0	0	0	0	0	0	0	0	0	0	0	0	0	0	0	0	0	0	0	0
126693659	0	0	0	0	0	0	0	0	0	.	0	0	0	0	.	0	.	.	0	.	0	.	0	0	.	0	.	.	0	0	0	.	0	0	0	0	0	0	.	0	0	0	0	0	.	.	0	0	.	0	0	0	.	0	.	0	0	.	.	0	0	0	0	.	.	0	0	0	.	0	0	.	.	0	.	0	0	0	0	0	0	0	0	0	0	0	0	0	.	0	.	0	0	0	0	0	.	0	.	0	.	0	0	0	0	0	.	2	2	2	2	2	0	.	2	2	.	.	.	.	.	.	2	2	2	2	0	0	0	0	0	0	0	0	0	0	0	0	0	0	0	0	0	0	0	0	0	0	0	0	0	0	0	0	0	0	0	0	0	0	0	0	0	0	0	0	0	0	0	0	0	0	0
126693841	0	0	0	0	0	0	0	0	0	0	0	0	0	0	0	0	0	0	2	0	.	.	0	2	2	2	1	2	2	2	2	2	2	2	2	2	2	.	2	2	2	2	2	2	2	.	2	2	1	2	2	2	0	0	2	2	2	2	2	2	2	0	2	.	2	2	2	0	.	2	0	2	2	.	2	2	.	2	1	1	1	1	1	1	1	1	1	1	.	1	1	1	1	1	1	1	.	1	1	1	1	1	1	1	1	1	0	0	0	0	0	0	0	0	0	2	2	2	0	2	2	.	2	2	.	2	1	1	1	1	1	1	1	1	1	1	1	1	1	1	1	1	2	1	1	1	1	1	1	1	1	1	1	0	0	0	0	0	0	0	0	0	0	0	0	0	.	0	0	0	0	0	0
131050217	0	0	0	0	0	0	0	0	0	0	0	0	0	0	0	0	0	0	0	0	0	0	0	2	2	2	2	2	2	2	2	.	2	2	2	2	0	2	2	2	2	2	2	2	2	0	2	2	2	2	2	2	2	2	2	2	2	2	2	2	2	2	2	2	2	2	2	2	.	2	2	2	2	0	2	2	1	1	1	1	1	1	2	1	2	1	1	.	1	1	1	1	1	1	1	1	1	1	1	1	1	1	1	1	1	1	0	0	0	0	0	0	0	0	2	2	2	2	2	2	2	2	2	2	2	2	1	1	1	2	0	0	1	1	1	1	1	0	2	2	0	0	0	2	2	0	0	0	0	0	0	0	0	0	0	0	0	0	0	0	0	0	0	0	0	0	.	0	0	0	0	0	0
131050268	0	0	0	0	0	0	0	0	0	0	0	0	0	0	0	0	0	0	0	0	0	0	0	0	0	0	0	0	0	0	0	0	0	0	0	0	0	0	0	0	0	0	0	0	0	0	0	0	0	0	0	0	0	0	0	0	0	0	0	0	0	0	0	0	0	0	0	0	0	0	0	0	0	0	0	0	0	0	0	0	0	0	0	0	0	0	0	0	0	0	0	0	0	0	0	0	0	0	0	0	0	0	0	0	0	0	2	2	2	2	2	2	2	2	2	2	2	2	2	2	2	0	2	2	2	2	0	0	0	0	0	0	0	0	0	0	0	0	0	0	0	0	0	0	0	0	0	0	0	0	0	0	0	0	0	0	0	0	0	0	0	0	0	0	0	0	.	0	0	0	0	0	0
131645199	0	.	0	.	0	0	0	0	0	0	0	.	0	0	.	0	0	0	0	0	.	0	0	0	0	0	0	0	0	0	0	0	0	0	.	0	0	0	0	0	0	0	0	0	0	0	0	0	0	0	.	.	0	0	0	0	0	0	0	.	0	0	0	0	0	0	0	.	0	0	0	0	0	0	0	0	.	0	0	0	0	0	0	0	0	0	0	.	0	0	.	0	0	.	0	0	0	0	0	0	0	0	0	0	0	0	.	0	2	2	2	2	2	2	2	2	2	2	2	2	.	.	2	.	2	2	0	0	0	0	0	0	0	0	0	0	.	0	0	0	0	0	0	0	0	0	0	0	0	0	0	0	0	0	0	0	0	0	0	0	0	0	0	0	0	0	0	0	0	0	0	0	0
132042536	0	0	0	0	0	0	0	.	0	0	0	0	.	0	.	0	.	0	0	0	.	0	0	2	2	2	2	2	2	2	2	.	2	2	2	2	2	2	2	2	2	2	2	2	2	2	2	2	2	2	2	2	.	2	.	2	2	.	2	.	2	2	2	2	2	1	0	2	.	.	.	2	.	.	.	2	1	1	1	1	1	1	1	1	1	1	1	.	.	2	1	1	2	1	1	1	1	.	1	1	.	1	1	1	1	2	0	0	0	0	0	.	0	0	2	2	2	2	2	2	.	1	.	.	2	2	1	1	1	1	1	1	1	1	1	1	1	1	1	1	1	1	2	1	1	1	1	1	1	1	1	1	1	0	0	0	0	0	0	0	0	0	0	0	0	0	.	0	0	0	0	0	0
132164862	0	0	0	0	0	0	0	0	0	0	0	0	0	0	0	0	0	0	0	0	0	0	0	2	2	2	2	2	2	2	2	2	2	2	2	2	2	2	2	2	2	2	2	2	2	2	2	2	2	2	2	2	2	2	2	2	2	2	2	2	2	2	2	2	2	2	2	2	1	2	2	2	2	2	2	2	1	1	1	1	1	1	1	1	2	1	1	1	1	1	1	1	1	1	1	1	1	1	1	1	2	1	1	1	1	1	0	0	0	0	0	0	0	0	2	2	2	2	2	2	2	1	2	2	2	2	1	1	1	1	1	1	1	1	1	1	1	1	1	1	1	1	2	1	1	1	1	1	1	1	1	1	1	0	0	0	0	0	0	0	0	0	0	0	0	0	0	0	0	0	0	0	0
133576123	0	0	0	0	0	0	0	0	0	0	0	0	0	0	0	0	0	0	0	0	0	0	0	0	0	0	0	0	.	0	0	.	0	0	0	0	0	.	.	0	0	0	0	0	0	0	0	0	0	0	0	0	0	0	0	0	0	0	0	.	0	.	0	0	0	0	0	.	0	0	0	0	0	0	.	0	.	.	.	.	.	.	0	.	0	0	.	.	.	.	.	.	.	.	.	.	.	.	.	.	.	.	.	.	.	0	2	0	2	2	2	2	0	2	1	1	.	.	1	2	.	0	2	1	.	1	.	0	0	.	0	0	.	.	0	0	.	0	0	0	0	0	0	0	0	0	0	0	0	0	0	0	0	0	0	0	0	0	0	0	0	0	0	0	.	0	0	0	0	0	0	0	0
136734392	0	.	0	0	0	0	0	.	0	0	.	0	0	0	.	.	.	0	0	0	0	.	.	.	0	.	0	.	.	.	0	.	0	.	0	.	0	0	0	0	0	.	0	0	0	.	0	0	.	.	.	.	0	0	0	.	0	0	.	.	0	0	0	0	0	0	.	0	.	0	.	.	0	0	0	0	.	.	.	.	.	0	0	.	.	0	.	.	.	.	0	2	0	.	0	.	.	.	.	.	.	.	.	0	0	0	2	2	2	2	2	2	2	.	2	.	2	1	.	2	2	.	2	2	.	2	0	0	0	0	0	0	0	0	0	0	0	0	0	0	0	0	0	0	0	0	0	0	0	0	0	0	0	0	0	0	0	0	0	0	0	0	0	0	0	0	0	0	0	0	0	0	0
138372152	0	0	0	0	0	0	0	0	0	0	0	0	0	0	0	0	0	0	0	0	0	0	0	0	0	0	.	0	0	0	0	0	0	0	0	0	0	.	.	0	0	0	0	0	0	0	0	.	0	0	0	0	0	0	0	0	0	0	0	0	0	0	0	0	0	0	0	.	0	0	0	0	0	0	0	0	0	.	0	0	0	0	0	0	0	0	0	0	0	0	0	2	0	0	0	0	.	0	0	0	0	0	0	0	0	0	2	.	0	2	2	2	2	2	2	.	2	2	2	2	2	0	2	2	2	2	0	0	0	0	0	0	0	0	0	0	0	0	0	0	0	0	0	0	0	0	0	0	0	0	0	0	0	0	0	0	0	0	0	0	0	0	0	0	0	0	.	0	0	0	0	0	0
139267396	.	0	0	0	0	.	0	0	0	0	0	0	0	0	.	.	.	.	0	0	0	0	0	.	0	.	0	.	0	0	0	.	0	0	.	0	0	.	.	0	0	.	0	0	0	.	.	0	0	.	0	0	0	.	0	.	0	0	0	.	0	.	.	0	.	0	.	.	0	0	.	0	0	0	0	0	.	.	0	0	0	0	0	0	0	0	0	.	0	0	0	0	0	0	0	0	0	0	.	0	0	.	.	0	0	0	2	2	0	2	.	2	.	2	.	.	2	.	.	2	.	.	0	2	.	2	0	0	0	0	0	0	0	0	0	0	0	0	0	0	0	0	0	0	0	0	0	0	0	0	0	0	0	0	0	0	0	0	0	0	0	0	0	0	0	0	0	0	0	0	0	0	0
139949071	0	0	2	0	0	0	0	0	0	0	0	0	0	0	0	0	0	0	0	0	0	0	0	2	2	2	2	2	2	2	2	2	2	2	2	2	0	2	2	2	2	2	2	2	2	0	2	2	2	2	2	2	0	2	2	2	2	2	2	2	2	2	2	2	2	2	2	2	2	2	2	2	2	2	2	2	1	1	1	1	1	1	2	1	1	1	1	1	1	1	1	1	1	1	1	1	1	1	1	1	1	1	1	1	1	1	0	0	0	0	0	0	0	0	2	2	2	2	2	2	2	2	2	2	2	2	1	1	1	1	1	1	1	1	1	1	1	2	2	2	2	2	0	2	2	0	0	0	0	0	0	0	0	0	0	0	0	0	0	0	0	0	0	0	0	0	0	0	0	0	2	0	0
140634751	0	0	0	0	.	0	0	0	0	0	0	0	0	0	0	0	0	0	0	0	0	0	0	0	.	.	.	.	0	0	0	.	0	0	0	0	0	.	.	0	.	0	0	.	.	0	0	.	0	.	0	.	0	0	.	0	0	.	.	.	.	0	.	.	0	.	.	.	.	.	.	.	0	.	0	0	.	.	.	.	.	.	0	.	.	.	.	.	.	.	.	.	.	.	.	.	.	.	.	.	.	.	.	.	.	.	2	0	2	2	.	2	2	2	1	2	1	1	2	1	1	.	1	2	.	1	.	.	.	.	.	.	.	.	.	.	.	0	0	0	0	0	0	0	0	0	0	0	0	0	0	0	0	0	0	0	0	0	0	0	0	0	0	0	0	0	0	0	0	0	0	0	0
143234823	0	0	0	0	0	0	0	0	0	0	0	0	0	0	0	0	0	0	0	0	0	0	0	2	.	2	.	2	2	2	2	2	2	2	2	2	.	.	2	2	2	2	2	.	2	2	2	2	2	2	2	2	0	2	2	2	.	2	2	0	2	0	2	.	2	2	.	.	1	2	.	2	.	2	2	2	1	1	.	1	1	1	1	1	.	1	1	.	1	.	1	.	1	1	1	1	1	1	1	1	1	1	1	1	1	2	0	0	0	0	0	0	0	0	2	2	2	0	2	2	2	.	2	2	.	0	1	1	1	1	1	1	1	1	1	1	1	1	1	.	1	1	2	1	1	1	1	1	1	1	1	1	1	0	0	0	0	0	0	0	0	0	0	0	.	.	0	0	0	0	0	0	0
143234853	1	1	2	2	1	1	1	1	1	1	2	1	1	1	1	1	1	1	1	1	1	1	1	1	.	2	.	2	2	2	2	.	2	2	2	2	1	.	2	2	2	2	2	.	2	1	2	2	2	2	2	2	2	2	2	0	2	2	2	.	2	2	2	2	2	2	2	.	0	2	2	2	2	2	2	2	0	0	0	.	.	0	2	0	.	0	0	0	0	0	0	0	.	0	0	0	0	0	0	0	.	0	0	0	0	0	1	1	1	1	1	1	1	1	2	2	2	2	2	2	.	.	2	2	.	2	0	0	0	0	0	0	0	0	0	0	0	2	2	.	2	2	1	2	0	1	1	1	1	1	1	1	1	1	1	1	1	1	1	1	1	1	1	1	.	1	1	1	1	1	1	1	1
143234895	0	0	0	0	0	0	0	0	0	0	0	0	0	0	0	0	0	0	0	0	0	0	0	0	.	0	0	0	0	0	0	0	0	0	0	0	0	.	0	0	0	0	0	0	0	0	0	0	0	0	0	0	0	0	0	0	0	0	0	.	0	0	0	0	0	0	0	.	0	0	0	0	0	0	0	0	0	0	0	0	0	0	0	0	0	0	0	0	0	0	0	0	0	0	0	0	0	0	0	0	0	0	0	0	0	0	2	2	2	2	2	2	2	2	2	2	2	2	2	2	.	.	2	2	2	1	0	0	0	0	0	0	0	0	0	0	0	0	0	.	0	0	0	0	0	0	0	0	0	0	0	0	0	0	0	0	0	0	0	0	0	0	0	0	.	0	0	0	0	0	0	0	0
143799022	0	0	0	0	0	0	0	0	0	0	0	0	0	0	0	0	0	0	0	0	0	0	0	2	2	2	2	2	2	2	2	2	2	2	2	2	2	2	2	2	2	2	2	2	2	2	2	2	2	2	2	2	0	2	2	2	2	2	2	2	2	2	2	2	2	2	2	2	1	2	2	2	2	0	2	2	1	1	1	2	1	1	1	1	1	1	1	1	1	1	1	1	1	1	1	1	1	1	1	1	1	1	1	1	1	1	0	0	0	0	0	0	0	0	2	2	2	2	2	2	2	1	2	2	2	2	1	1	1	1	1	1	1	1	1	1	.	1	1	1	1	1	2	1	1	1	1	1	1	1	1	1	1	0	0	0	0	0	0	0	0	0	0	0	0	0	0	0	0	0	0	0	0
143799169	0	0	0	0	0	0	0	2	0	0	0	0	0	0	0	0	0	0	0	0	0	0	0	2	2	2	2	2	2	2	2	2	2	2	2	2	2	2	2	2	2	2	2	2	2	2	2	2	2	2	2	2	0	2	2	2	2	2	2	2	2	2	2	2	2	2	2	2	1	2	2	2	2	2	2	2	1	1	1	2	1	1	1	1	2	1	1	2	1	1	1	1	1	1	1	1	1	1	1	1	1	1	1	1	1	1	0	0	0	0	0	0	0	0	2	2	2	2	2	2	2	1	2	2	2	2	1	1	1	1	1	1	1	1	1	1	1	1	1	1	1	1	2	1	1	1	1	1	1	1	1	1	1	0	0	0	0	0	0	0	0	0	0	0	0	0	0	0	0	0	0	0	0
143799191	0	0	0	0	0	0	0	2	0	0	0	0	0	0	0	0	0	0	0	0	0	0	0	2	2	2	2	2	2	2	2	2	2	2	2	2	0	2	2	2	2	2	2	2	2	0	2	2	2	2	2	2	0	2	2	2	2	2	2	2	2	2	2	2	2	2	2	2	2	2	2	2	2	2	2	2	1	1	1	2	1	1	2	1	2	1	1	1	1	1	1	1	1	1	1	1	1	1	1	1	1	1	1	1	1	1	0	0	0	0	0	0	0	0	2	2	2	2	2	2	2	2	2	2	2	2	1	1	1	1	1	1	1	1	1	1	.	2	2	2	2	2	0	2	2	0	0	0	0	0	0	0	0	0	0	0	0	0	0	0	0	0	0	0	0	0	0	0	0	0	0	0	0
144118066	0	0	0	0	0	0	0	0	0	0	0	0	0	0	0	0	0	0	0	0	0	0	0	2	2	2	2	1	2	2	2	2	2	2	2	0	0	2	0	2	2	2	0	2	.	2	2	2	2	2	2	2	2	2	2	2	2	.	2	2	2	2	2	2	2	2	2	2	1	2	2	2	2	2	2	2	1	1	1	1	1	1	1	1	1	1	1	2	2	1	1	2	2	1	1	1	1	1	1	1	1	1	1	1	1	1	0	0	0	0	0	0	0	0	2	2	2	2	2	2	2	1	2	2	2	2	1	1	1	1	1	1	1	1	1	1	1	1	1	1	1	1	2	1	1	1	1	1	1	1	1	1	1	0	0	0	0	0	0	0	0	0	0	0	0	0	0	0	0	0	0	0	0
145690689	0	0	0	.	0	0	0	.	0	0	0	0	0	0	0	.	0	.	.	0	0	0	0	0	0	0	0	0	0	0	0	.	0	0	0	0	0	.	0	0	0	0	0	0	0	0	0	0	.	0	0	0	0	0	0	.	0	0	0	0	0	0	0	0	0	0	0	0	.	0	0	0	0	.	0	0	0	0	0	0	0	0	.	0	0	0	0	0	0	0	0	0	0	.	0	0	0	0	0	0	.	0	0	0	0	0	2	2	2	2	2	2	2	.	1	2	2	2	2	.	2	0	.	2	2	2	0	0	0	0	0	0	0	0	0	0	0	0	0	0	0	0	0	0	0	0	0	0	0	0	0	0	0	0	0	0	0	0	0	0	0	0	0	0	0	0	0	0	0	0	0	0	0
146363984	0	0	0	0	0	0	0	0	0	0	0	0	0	0	0	0	0	0	0	0	0	0	0	2	2	2	.	2	0	2	2	.	2	2	2	0	0	2	2	2	2	2	2	2	2	0	2	2	2	2	2	2	2	2	2	2	2	0	2	0	2	2	2	2	2	2	2	2	2	2	2	2	2	2	2	2	1	1	1	1	1	1	2	1	1	1	1	1	2	1	1	1	1	1	1	1	1	1	.	1	.	1	1	1	1	1	0	0	0	0	0	0	0	0	2	2	2	2	2	2	2	2	2	1	2	2	1	1	1	2	1	1	1	1	1	1	1	2	2	2	2	2	0	2	2	0	0	0	0	0	0	0	0	0	0	0	0	0	0	0	0	0	0	0	0	0	0	0	0	0	0	0	0
146364328	0	0	0	0	0	.	0	0	0	0	0	0	0	0	0	0	0	0	0	0	0	0	0	2	2	2	1	2	2	2	2	2	2	2	2	2	0	2	.	2	2	2	2	2	2	0	2	2	2	2	2	2	2	2	2	2	2	2	2	2	2	2	2	2	2	2	0	2	1	2	2	2	2	2	2	2	1	1	1	1	1	1	2	1	1	1	1	2	1	1	1	1	2	1	1	1	1	1	1	1	.	1	1	1	1	1	0	0	0	0	0	0	0	0	.	2	2	.	2	2	2	2	2	2	2	2	1	1	1	1	1	1	1	1	1	1	1	2	2	2	2	2	0	2	2	0	0	0	0	0	0	0	0	0	0	0	0	0	0	0	0	0	0	0	0	0	0	0	0	0	0	0	0
146364363	0	0	0	0	0	0	0	0	0	0	0	0	0	0	0	0	0	0	0	0	0	0	0	.	0	0	0	0	0	0	0	0	0	0	0	0	0	0	.	0	0	0	.	0	0	0	0	0	0	0	0	0	0	0	0	0	0	0	0	.	0	0	0	0	0	0	0	.	0	0	.	0	0	0	0	0	0	0	0	0	0	0	0	0	0	0	0	0	0	0	0	0	0	0	0	0	.	0	0	0	0	0	0	0	0	0	2	2	2	2	2	2	2	2	2	2	2	.	2	2	2	0	0	2	2	2	0	0	0	0	0	0	0	0	0	0	0	0	0	0	0	0	0	0	0	0	0	0	0	0	0	0	0	0	0	0	0	0	0	0	0	0	0	0	0	0	0	0	0	0	0	0	0
146412598	0	0	0	0	0	.	0	0	0	0	0	0	.	0	0	0	0	0	.	0	0	.	0	.	0	0	0	0	0	0	0	0	0	.	0	.	.	0	.	0	0	0	0	0	0	0	.	0	0	.	0	0	.	0	.	0	0	.	.	0	0	0	0	0	0	.	.	0	0	0	.	0	0	.	.	0	.	.	0	.	.	.	.	0	0	0	0	0	0	0	.	0	.	0	.	0	.	0	.	0	.	.	0	0	0	0	2	2	2	2	0	2	0	2	.	2	.	2	.	0	.	.	2	.	.	2	0	0	0	0	0	0	0	0	0	0	0	0	.	0	0	.	0	0	0	0	0	0	0	0	0	.	0	0	0	0	0	0	0	0	0	0	0	0	0	0	0	0	0	0	0	0	0
148572609	0	0	0	0	0	0	0	0	0	0	0	0	0	0	0	0	0	0	0	0	0	0	0	2	.	2	2	2	2	.	2	2	2	2	2	2	0	2	1	2	2	2	2	2	2	0	2	1	2	2	2	0	2	2	2	2	2	2	2	0	2	2	2	2	2	2	2	2	2	2	2	2	2	2	2	2	1	1	1	1	.	1	2	1	1	1	1	1	1	1	1	1	1	1	1	1	1	1	1	1	1	1	1	1	1	1	0	.	0	0	0	0	0	0	2	2	1	2	2	2	2	0	2	2	.	2	1	1	1	1	1	1	1	1	1	1	1	2	2	2	2	2	0	2	2	0	0	0	0	0	0	0	0	0	0	0	0	0	0	0	0	0	0	0	0	0	0	0	0	0	0	0	0
148751477	0	0	0	0	0	0	0	0	0	0	0	0	0	0	0	0	0	0	0	0	0	0	0	2	2	2	2	2	2	2	2	2	2	2	0	2	2	2	2	2	2	2	2	2	0	2	2	2	2	2	2	0	2	2	2	2	2	0	2	2	2	2	2	2	2	2	2	2	1	2	2	2	1	2	2	2	1	1	1	1	1	1	1	1	1	1	1	1	1	1	1	1	1	1	1	1	1	1	1	1	1	1	1	1	1	1	0	0	0	0	0	0	0	0	0	2	2	2	2	2	2	1	2	2	2	2	1	1	1	1	1	1	1	1	1	1	1	1	1	1	1	1	2	1	1	1	1	1	1	1	1	1	1	0	0	0	0	0	0	0	0	0	0	0	0	0	0	0	0	0	0	0	0
148751686	0	0	0	0	0	0	0	0	0	0	0	0	0	0	0	0	0	0	0	0	0	0	0	0	0	0	0	0	0	0	0	0	0	0	0	0	0	0	0	0	0	0	0	0	0	0	0	0	0	0	0	0	0	0	0	0	0	0	0	0	0	0	0	0	0	0	0	0	0	0	0	0	0	0	0	0	0	0	0	0	0	0	0	0	0	0	0	0	0	0	0	0	0	0	0	0	0	0	0	0	0	0	0	0	0	0	2	2	2	2	2	2	2	2	2	2	2	2	2	2	2	0	2	2	2	2	0	0	0	0	0	0	0	0	0	0	0	0	0	0	0	0	0	0	0	0	0	0	0	0	0	0	0	0	0	0	0	0	0	0	0	0	0	0	0	0	0	0	0	0	0	0	0
149008964	0	0	0	0	0	0	0	0	0	0	0	0	0	0	0	0	0	0	0	0	0	0	0	0	0	0	0	0	0	0	0	0	0	0	0	0	0	0	0	0	0	0	0	0	0	0	0	0	0	0	0	0	0	0	0	0	0	0	0	0	0	0	0	0	0	0	0	0	0	0	0	0	0	0	0	0	0	0	0	0	0	0	0	0	0	0	0	0	0	0	0	0	0	0	0	0	0	0	0	0	0	0	0	0	0	0	2	2	2	2	2	2	2	2	2	2	2	2	2	2	2	0	2	2	2	2	0	0	0	0	0	0	0	0	0	0	0	0	0	0	0	0	0	0	0	0	0	0	0	0	0	0	0	0	0	0	0	0	0	0	0	0	0	0	0	0	0	0	0	0	0	0	0
149524691	0	0	0	.	0	0	0	0	0	2	0	0	0	0	0	0	0	0	0	0	0	0	0	2	2	2	2	2	2	.	2	2	2	2	2	2	.	2	.	2	2	2	2	2	2	2	2	2	2	2	1	2	2	2	2	2	2	2	2	2	2	2	2	2	2	2	2	2	1	2	2	2	2	2	2	2	1	1	1	1	1	1	1	1	1	1	1	2	2	1	1	1	1	1	1	1	1	1	1	1	1	.	1	1	1	1	0	0	0	0	0	0	0	0	2	2	2	2	2	2	.	1	2	2	2	2	1	1	1	1	1	1	1	1	1	1	1	1	1	1	1	1	2	1	1	1	1	1	1	1	1	1	1	0	0	0	0	0	0	0	0	0	0	0	0	0	0	0	0	0	0	0	0
150039430	0	.	0	.	0	.	.	0	.	.	0	0	.	0	.	.	.	.	0	.	0	0	.	0	0	0	0	0	.	.	0	.	.	.	.	0	0	0	0	0	0	0	0	0	.	0	0	.	.	0	0	0	.	0	0	0	0	.	.	.	0	0	0	0	.	.	0	.	0	0	.	0	.	0	0	0	.	.	.	.	.	.	0	0	.	0	0	.	0	.	.	0	0	.	.	.	.	.	.	0	.	.	0	.	0	0	2	2	2	2	2	2	2	.	2	2	.	2	.	2	.	.	1	2	0	2	0	0	0	0	0	0	0	0	0	0	0	0	0	0	0	0	0	0	0	0	0	0	0	0	0	0	0	0	0	0	0	0	0	0	0	0	0	0	0	0	0	0	0	0	0	0	0
152039249	0	0	0	0	0	0	0	0	0	0	0	0	0	0	0	0	0	0	0	0	0	0	0	2	2	2	2	2	2	2	2	2	2	2	2	2	0	2	2	2	2	2	2	2	2	0	2	2	2	2	2	2	2	2	2	2	2	2	2	2	2	2	2	2	2	2	2	2	2	2	2	2	2	2	2	2	1	1	1	1	1	1	2	1	1	1	1	1	1	1	1	1	2	1	1	1	1	1	1	1	1	1	1	1	1	1	0	0	0	0	0	0	0	0	2	2	2	2	2	2	2	2	2	2	2	2	1	1	1	2	1	1	1	1	1	1	1	2	2	2	2	2	0	2	2	0	0	0	0	0	0	0	0	0	0	0	0	0	0	0	0	0	0	0	0	0	0	0	0	0	0	0	0
152039347	0	0	0	0	0	0	0	0	0	0	0	0	0	0	0	0	0	0	0	0	0	0	0	2	2	2	2	2	2	2	2	2	2	2	2	2	2	2	2	2	2	2	2	2	2	2	2	2	2	.	2	2	2	2	2	2	2	2	2	2	2	2	2	2	2	2	2	2	2	2	0	2	2	2	2	2	1	1	1	1	1	1	1	1	1	1	1	1	1	1	1	1	2	1	1	1	1	1	1	1	1	1	1	1	1	1	0	0	0	0	0	0	0	0	0	2	2	2	2	2	2	1	2	2	2	2	1	1	1	1	1	1	1	1	1	1	1	1	1	1	1	1	2	1	1	1	1	1	1	1	1	1	1	0	0	0	0	0	0	0	0	0	0	0	0	0	0	0	0	0	0	0	0
152039419	0	0	.	0	0	0	0	.	0	0	0	0	.	0	0	0	0	.	.	0	0	0	0	0	0	.	0	.	0	.	0	0	0	0	0	0	0	0	0	0	0	.	.	0	0	0	0	0	0	.	0	0	0	0	.	.	0	0	0	0	0	.	.	0	0	.	.	0	0	0	0	0	0	0	0	0	0	0	0	0	0	.	0	.	0	0	0	0	0	.	0	.	.	0	0	.	0	0	.	0	0	.	0	.	0	0	2	2	2	2	2	2	2	.	.	2	2	2	1	2	2	.	2	2	2	2	0	0	0	0	0	0	0	0	0	0	0	0	0	0	0	0	0	0	0	0	0	0	0	0	0	0	0	0	0	0	0	0	0	0	0	0	0	0	0	0	0	0	0	0	0	0	0
152583536	0	0	0	.	0	.	0	.	.	0	0	0	0	0	0	0	0	0	0	0	0	0	0	.	2	2	.	2	2	.	2	2	2	.	.	.	.	.	2	2	.	2	2	.	2	0	2	2	2	.	2	2	0	2	2	2	0	2	.	.	2	2	2	2	2	.	.	2	.	2	2	2	2	.	.	2	1	1	1	1	1	1	2	1	1	1	1	2	1	1	1	1	1	1	1	1	1	1	1	.	.	1	1	1	1	1	0	.	0	0	0	0	0	0	2	2	2	2	0	2	.	.	2	2	.	2	1	0	2	1	0	0	0	1	0	0	0	0	0	0	0	0	0	0	0	0	0	0	0	0	0	0	0	0	0	0	0	0	0	0	0	0	0	0	0	0	0	0	0	0	0	0	0
152583547	0	0	0	0	0	.	0	0	.	0	0	0	0	0	0	0	0	0	0	0	0	0	0	0	2	2	.	2	2	2	2	2	2	2	.	.	.	.	2	2	.	2	2	.	2	0	2	2	2	.	2	2	0	2	2	2	0	2	.	.	2	2	2	2	2	.	.	2	.	2	2	2	2	.	.	2	1	1	1	1	1	1	1	1	2	1	1	2	1	1	1	1	1	1	1	1	1	1	1	.	.	1	1	1	1	1	.	.	0	0	0	0	0	0	2	2	2	2	0	2	.	.	2	2	.	2	1	1	1	1	1	1	1	1	1	1	1	1	1	1	1	1	2	1	1	1	1	1	1	1	1	1	1	0	0	0	0	0	0	0	0	0	0	0	0	0	0	0	0	0	0	0	0
152583645	0	0	.	0	0	.	0	0	0	0	0	0	0	0	0	.	0	.	0	0	0	0	0	2	.	2	2	0	2	2	2	2	2	2	.	.	.	.	2	2	.	.	2	2	2	2	2	2	2	.	2	2	2	2	2	2	2	2	.	.	2	2	2	2	2	.	2	2	.	2	2	2	2	.	0	2	1	1	1	1	.	1	1	1	2	1	1	1	1	1	1	2	1	1	1	.	1	1	1	1	1	.	1	1	1	1	0	.	0	0	0	0	0	0	.	2	2	2	0	.	2	.	2	2	.	2	1	1	1	.	1	1	1	1	1	1	1	1	1	1	1	1	2	1	1	1	1	1	1	1	1	1	1	0	0	0	0	0	0	0	0	0	0	0	0	0	0	0	0	0	0	0	0
153258346	0	0	0	.	0	0	0	0	0	0	.	0	0	0	0	0	.	0	0	0	0	0	0	2	2	2	.	2	2	2	2	2	2	2	.	0	.	.	2	2	2	2	2	2	2	.	2	1	2	.	2	2	1	2	2	.	.	.	.	.	2	2	2	2	2	2	1	.	1	2	2	2	2	2	.	2	1	1	1	1	1	1	.	1	1	1	1	.	1	1	2	1	1	1	1	1	.	1	1	1	1	1	1	1	1	1	0	0	0	0	0	0	0	0	0	2	2	0	.	2	2	.	2	2	2	2	1	1	1	1	1	1	1	1	1	1	1	1	1	1	1	1	2	1	1	1	1	1	1	1	1	1	1	0	0	0	0	0	0	0	0	0	0	0	0	0	0	0	0	0	0	.	0
153259344	0	0	0	2	0	0	0	0	0	0	0	0	0	0	0	0	0	0	0	0	0	0	0	2	2	2	2	2	2	2	2	2	2	2	2	0	0	2	2	2	2	2	2	2	0	0	2	2	2	1	2	2	.	2	2	2	2	2	2	2	2	2	2	2	2	2	2	2	2	2	2	2	2	2	.	2	1	1	1	1	1	1	2	1	2	1	1	1	1	2	1	2	1	1	1	1	1	1	1	1	1	1	1	1	1	1	0	0	0	0	0	0	0	0	2	2	2	2	2	2	2	2	2	2	2	2	1	1	1	2	0	0	1	1	1	1	.	0	2	2	0	0	0	2	2	0	0	0	0	0	0	0	0	0	0	0	0	0	0	0	0	0	0	0	0	0	0	0	0	0	.	.	0
153259351	0	0	0	2	0	0	0	0	0	0	0	0	0	0	0	0	0	0	0	0	0	0	0	2	2	2	2	2	2	2	2	2	2	2	2	0	0	2	2	2	2	2	2	2	0	0	2	2	2	1	2	2	.	2	2	2	2	2	2	2	2	2	2	2	2	2	2	2	2	2	2	2	2	2	.	2	1	1	1	1	1	1	2	1	2	1	1	1	1	2	1	2	1	1	1	1	1	1	1	1	1	1	1	1	1	1	0	0	0	0	0	0	0	0	2	2	2	2	2	2	2	2	2	2	2	2	1	1	1	2	1	1	1	1	1	1	.	2	2	2	2	2	0	2	2	0	0	0	0	0	0	0	0	0	0	0	0	0	0	0	0	0	0	0	0	0	0	0	0	0	.	.	0
156238691	0	.	0	0	0	0	0	0	0	0	0	0	0	0	0	0	0	0	0	0	0	0	0	0	0	0	0	0	0	0	0	0	0	0	0	.	0	.	0	.	0	0	0	0	0	0	0	0	0	.	0	0	0	0	0	0	0	0	.	0	.	0	0	0	0	0	.	0	0	0	0	.	.	.	0	0	0	0	0	0	0	0	0	0	0	0	.	0	0	0	0	0	0	0	0	0	.	0	.	0	.	0	0	0	0	0	2	2	2	2	0	2	2	2	1	0	2	.	2	2	.	0	2	2	.	2	0	0	0	0	0	0	0	0	0	0	0	0	0	0	0	0	0	0	0	0	0	0	0	0	0	0	0	0	0	0	0	0	0	0	0	0	0	0	0	0	0	0	0	0	0	0	0
156238769	0	0	0	0	0	.	0	0	0	.	0	0	0	.	.	0	0	0	.	0	.	.	0	0	.	0	0	0	.	0	0	0	0	0	.	.	0	0	0	0	0	.	.	0	.	0	0	.	.	0	0	.	.	.	.	.	.	0	.	.	.	0	0	0	.	.	.	0	0	.	.	.	0	.	0	0	.	.	.	0	.	.	0	0	.	.	.	0	.	.	.	0	.	.	0	0	.	0	0	0	.	.	0	0	0	.	2	2	2	2	0	2	2	.	2	2	2	.	2	2	.	.	2	.	.	2	0	0	0	0	0	0	0	0	0	0	0	0	0	0	0	0	0	0	0	0	0	0	0	0	0	0	0	0	0	0	0	0	0	0	0	0	0	0	0	0	0	0	0	0	0	0	0
157200732	0	0	0	0	0	0	.	.	0	.	.	0	.	.	0	.	0	.	0	.	.	0	0	0	0	0	0	0	0	.	0	.	0	0	0	.	.	0	0	0	0	0	.	0	.	.	.	0	.	.	.	.	0	0	0	.	0	.	.	.	0	.	0	0	.	.	.	.	.	.	.	0	0	.	0	0	0	.	0	.	0	0	.	0	0	.	0	0	.	0	.	0	.	.	0	0	.	.	.	.	.	0	0	.	0	.	2	.	.	2	2	.	.	.	2	2	2	0	2	2	2	.	2	.	.	2	0	0	0	0	0	0	0	0	0	0	0	0	0	0	0	0	0	0	0	0	0	0	0	0	0	0	0	0	0	0	0	0	0	0	0	0	0	0	0	0	0	0	0	0	0	0	0
157201044	0	0	0	0	0	0	0	0	0	0	0	0	0	0	0	0	0	0	0	0	0	0	0	2	2	2	2	2	2	2	2	2	2	2	2	2	2	2	2	2	2	2	2	2	2	2	2	2	2	2	2	2	2	2	2	2	2	2	2	2	2	2	2	2	2	2	2	2	1	2	2	2	2	2	2	2	1	1	2	1	1	1	1	1	1	1	1	1	.	1	1	1	1	1	1	1	1	1	1	1	1	1	1	1	1	1	2	2	2	2	2	2	2	2	1	1	1	1	1	1	1	1	1	1	1	1	1	1	1	1	1	1	1	1	1	1	1	1	1	1	1	1	2	1	1	1	1	1	1	1	1	1	1	0	0	0	0	0	0	0	0	0	0	0	0	0	0	0	0	0	0	0	0
157201110	0	0	0	0	0	0	0	0	0	0	0	0	0	0	.	0	0	0	0	0	0	0	0	0	0	0	0	0	0	0	0	0	0	0	0	0	0	0	0	0	0	0	0	0	0	0	0	0	0	0	0	0	0	0	0	0	0	0	0	.	0	.	0	0	0	0	0	0	0	0	0	0	.	0	0	0	0	0	0	0	0	0	0	0	.	0	0	0	.	0	0	0	0	0	0	0	0	0	0	0	0	0	0	0	0	0	2	2	2	2	2	2	2	2	2	2	2	2	2	2	2	0	2	2	2	2	0	0	0	0	0	0	0	0	0	0	0	0	0	0	0	0	0	0	0	0	0	0	0	0	0	0	0	0	0	0	0	0	0	0	0	0	0	0	0	0	0	0	0	0	0	0	0
157498507	0	0	0	0	0	0	0	0	0	2	0	0	.	0	0	0	0	0	0	0	0	0	0	2	2	2	2	2	2	2	2	2	2	2	2	2	0	2	2	2	2	2	2	2	2	0	2	2	2	2	2	2	0	2	2	2	1	2	2	.	2	2	2	0	2	.	2	2	2	2	2	2	2	0	2	2	1	1	1	1	1	1	2	1	1	1	1	1	1	1	1	1	1	1	1	1	1	1	.	1	.	1	1	2	1	1	0	0	0	0	0	0	0	0	2	2	2	2	2	2	.	2	2	2	.	2	1	1	2	2	0	0	1	1	1	1	1	0	2	2	0	0	0	2	2	0	0	0	0	0	0	0	0	0	0	0	0	0	0	0	0	0	0	0	0	0	0	0	0	0	0	0	0
157499299	0	0	0	0	0	0	0	0	0	0	0	0	0	0	0	0	0	0	0	0	0	0	0	2	2	2	2	2	2	2	2	2	2	2	2	2	2	2	2	2	2	2	2	2	2	.	2	2	2	2	2	2	0	2	2	.	2	2	2	2	2	2	2	2	2	2	2	2	1	.	2	2	2	2	2	2	1	1	1	1	1	1	1	1	1	1	1	2	1	1	1	1	1	1	.	1	1	1	1	1	1	1	1	1	1	1	2	2	2	2	2	2	0	2	1	.	1	2	2	1	1	1	1	1	.	1	1	1	1	1	1	1	1	1	1	1	1	1	1	1	1	1	2	1	1	1	1	1	1	1	1	1	1	0	0	0	0	0	0	0	0	0	0	0	0	0	0	0	0	0	0	0	0
161249721	0	0	0	.	0	.	0	0	0	0	0	0	0	0	0	0	0	.	0	0	0	0	0	0	0	0	.	0	0	0	0	0	0	0	0	.	0	0	0	0	.	0	0	0	0	0	0	.	0	0	0	0	0	0	.	0	0	0	0	0	0	0	0	0	.	0	0	.	0	0	0	0	0	0	0	0	.	0	.	0	.	0	0	0	.	0	.	.	0	0	.	0	0	0	0	0	0	0	.	0	.	0	0	.	0	0	2	2	2	2	2	2	2	.	.	2	2	1	2	2	2	.	2	2	.	2	0	0	0	0	0	0	0	0	0	0	0	0	0	0	0	0	0	0	0	0	0	0	0	0	0	0	0	0	0	0	0	0	0	0	0	0	0	0	0	0	0	0	0	0	0	0	0
161249965	0	0	0	.	0	0	0	0	0	0	0	0	.	0	0	0	0	.	0	.	0	0	0	0	0	0	.	0	0	0	0	0	0	0	0	0	.	.	.	0	.	0	0	0	0	0	0	.	0	0	0	0	0	0	0	.	0	0	0	.	0	0	0	0	0	0	0	0	0	0	0	0	0	.	0	0	0	0	0	0	0	0	0	0	0	0	0	0	0	0	0	0	0	0	0	0	.	0	.	0	0	0	0	0	0	0	2	2	.	2	.	2	.	2	2	2	2	2	2	2	2	0	0	2	2	2	0	0	0	0	0	0	0	0	0	0	0	0	0	0	0	0	0	0	0	0	2	0	0	0	0	0	0	0	2	0	0	0	0	0	0	0	0	0	0	0	0	0	0	0	0	0	0
161250130	0	.	0	.	0	0	0	.	0	.	0	.	.	.	.	0	.	0	0	.	0	0	.	.	0	.	.	0	0	0	0	.	0	0	0	.	.	.	0	0	0	0	0	0	.	0	.	0	.	0	.	.	.	0	0	0	0	0	.	.	0	0	0	.	0	.	0	.	0	0	0	0	.	.	.	.	0	.	.	.	.	.	0	0	0	0	.	0	0	0	.	0	0	0	0	0	.	.	.	.	0	0	.	0	0	.	2	.	.	2	2	2	.	.	2	2	2	.	.	0	.	.	.	.	.	2	0	0	0	0	0	0	0	0	0	0	0	0	0	0	0	0	0	0	0	0	0	0	0	0	0	0	0	0	0	0	0	0	0	0	0	0	0	0	0	0	.	0	0	0	0	0	0
161516268	0	0	0	0	0	0	0	0	0	0	0	0	0	0	0	0	0	0	0	0	0	0	0	.	2	2	2	2	2	2	2	2	2	2	2	2	0	2	2	2	2	2	2	2	2	0	2	2	2	2	2	2	2	2	2	2	2	2	2	2	2	2	2	2	2	2	2	2	2	2	.	2	2	0	2	2	1	1	1	1	1	1	2	1	2	1	1	2	1	2	1	1	1	2	1	1	1	1	1	1	1	1	1	1	1	1	0	0	0	0	0	2	0	0	0	2	0	2	2	2	2	2	2	2	2	2	1	1	1	2	1	1	1	1	1	1	1	2	2	2	2	2	0	2	2	0	0	0	0	0	0	0	0	0	0	0	0	0	0	0	0	0	0	0	0	0	0	0	0	0	0	0	0
161981988	0	0	0	0	0	0	0	0	0	0	0	0	0	0	0	0	0	0	0	0	0	0	0	2	2	2	2	2	2	2	2	2	2	2	2	2	0	2	2	2	2	2	2	2	2	0	2	0	2	2	2	2	2	2	2	2	2	2	2	2	2	2	2	2	2	2	2	2	2	2	2	2	2	2	2	2	1	1	1	1	1	2	2	1	2	1	1	1	1	1	1	1	2	2	1	1	1	1	1	1	1	1	1	1	1	1	0	0	0	0	0	2	0	0	2	2	2	2	2	2	.	2	2	2	2	2	1	1	1	2	1	1	1	1	1	1	1	0	2	2	2	2	0	2	2	0	0	0	0	0	0	0	0	0	0	0	0	0	0	0	0	0	0	0	0	0	0	0	0	0	0	0	0
166546630	0	0	0	0	0	0	0	0	0	0	0	0	0	0	0	0	0	0	0	0	0	.	0	2	2	2	2	2	.	2	2	2	2	2	2	2	2	2	2	2	2	2	2	2	2	2	2	2	2	.	2	.	.	2	2	2	2	2	2	2	2	2	2	2	2	2	2	2	1	2	.	.	2	.	2	2	1	1	1	1	1	1	.	.	1	1	1	1	1	1	.	1	1	1	1	1	1	1	1	1	2	1	2	.	1	1	2	2	2	2	2	2	.	2	1	1	1	1	1	1	1	1	1	2	1	1	1	1	1	1	1	1	1	1	1	1	1	1	1	1	1	1	2	1	1	1	1	1	1	1	1	.	1	0	0	0	0	0	0	0	0	0	0	0	0	0	0	0	0	0	0	0	.
168558361	0	0	0	0	0	0	0	0	0	0	0	0	0	0	0	0	0	0	0	0	0	0	0	2	2	2	2	2	2	2	2	2	2	2	2	2	0	.	0	2	2	2	2	2	2	0	2	.	2	0	2	2	2	2	2	2	2	2	2	0	2	2	.	.	2	2	0	0	2	2	2	2	2	2	2	2	.	1	1	1	1	1	2	1	1	1	2	1	.	1	.	2	1	1	1	1	1	1	.	.	1	1	1	1	1	1	0	0	0	0	0	0	0	0	2	2	2	2	0	2	2	2	2	2	2	2	1	0	2	0	0	0	0	0	0	0	0	0	0	0	0	0	0	0	0	0	0	0	0	0	0	0	0	0	0	0	0	0	0	0	0	0	0	0	0	0	0	0	0	0	0	0	0
168558814	0	0	0	0	0	0	0	0	0	0	0	0	0	0	0	0	0	0	0	0	0	0	0	2	2	2	2	2	2	2	2	2	2	2	2	.	2	2	2	2	2	2	2	2	2	2	2	2	2	2	2	2	0	2	2	2	2	2	2	2	2	2	2	2	2	2	2	2	1	2	2	2	2	2	2	2	1	1	1	1	1	1	1	1	1	1	1	1	1	2	1	1	1	1	1	1	1	1	1	1	1	1	1	1	1	1	2	2	2	2	2	2	2	2	1	1	1	1	1	1	1	1	.	1	1	1	1	1	1	1	1	1	1	1	1	1	1	1	1	1	1	1	2	1	1	1	1	1	1	1	1	1	1	0	0	0	0	0	0	0	0	0	0	0	0	0	0	0	0	0	0	0	0
171110419	0	.	0	0	0	0	0	0	0	0	0	0	0	0	0	0	.	0	0	0	0	0	0	0	.	0	0	0	0	0	0	0	0	0	0	0	.	.	0	0	.	0	0	0	0	0	0	0	0	0	0	.	0	0	0	0	0	0	0	0	0	.	0	.	.	.	.	0	0	0	0	.	0	0	.	0	.	0	0	0	0	0	0	.	0	.	0	0	0	0	0	0	0	0	0	0	0	0	0	0	.	.	0	0	0	0	2	2	2	2	2	2	2	2	2	2	.	2	2	2	.	0	2	2	.	2	0	0	0	0	0	0	0	0	0	0	0	0	0	0	0	0	0	0	0	0	0	0	0	0	0	0	0	0	0	0	0	0	0	0	0	0	0	0	0	0	0	0	0	0	0	0	0
172744864	0	0	0	0	0	0	0	0	0	0	0	0	0	0	0	0	0	0	0	0	0	0	0	2	2	2	2	2	2	2	2	.	2	2	2	2	2	2	2	2	2	2	2	2	2	2	2	2	2	2	2	2	0	2	2	2	2	2	2	.	2	2	2	2	2	2	1	2	1	2	2	2	2	2	2	2	1	1	1	2	1	1	1	1	1	1	1	1	1	1	1	1	2	1	1	1	1	1	1	1	1	1	1	1	1	1	2	2	2	2	2	2	2	2	1	1	1	1	1	1	1	1	1	1	1	1	1	1	1	1	1	1	1	1	1	1	1	1	1	1	1	1	2	1	1	1	1	1	1	1	1	1	1	0	0	0	0	2	0	2	0	0	0	0	0	2	0	0	0	2	0	0	0
172744984	0	2	0	0	0	0	0	0	0	0	0	0	0	0	0	0	0	0	0	0	0	0	0	2	2	2	2	2	2	2	2	2	2	2	2	2	0	2	2	2	2	2	2	2	2	0	2	2	2	2	2	2	2	2	2	2	2	2	2	2	2	2	2	2	2	2	1	2	2	2	2	2	2	2	2	2	1	1	1	1	1	1	2	1	1	1	1	1	1	1	1	1	1	1	1	1	1	1	1	1	1	1	1	1	1	1	0	0	0	0	0	0	0	0	2	2	2	2	2	2	2	2	2	2	2	2	1	1	1	2	1	1	1	1	1	1	1	2	2	2	2	2	0	2	2	0	0	0	0	0	0	0	0	0	0	0	0	0	0	0	0	0	0	0	0	0	0	0	0	0	0	0	0
172745013	0	2	0	.	0	0	0	0	0	2	0	0	0	0	0	0	0	0	0	0	0	0	0	2	2	2	2	2	2	2	2	2	2	2	2	2	2	2	2	2	2	2	2	2	2	2	2	2	2	2	2	2	0	2	2	2	2	2	2	2	2	2	2	0	2	2	1	2	1	2	2	2	2	2	2	2	1	1	1	1	1	1	1	1	1	1	1	1	1	1	1	1	1	1	1	1	.	1	1	1	1	1	1	1	1	1	2	2	2	2	2	2	2	2	1	1	1	1	1	1	.	1	1	1	1	1	1	1	1	1	1	1	1	1	1	1	1	1	1	1	1	1	2	1	1	1	1	1	1	1	1	1	1	0	0	0	0	0	0	0	0	0	0	0	0	0	0	0	0	0	0	0	0
173311211	0	0	0	0	0	0	0	0	0	0	0	0	0	0	.	0	0	0	0	0	0	0	0	0	0	0	0	.	0	0	0	0	0	0	0	0	0	.	0	.	0	0	0	0	0	0	0	0	0	0	0	0	0	0	0	0	0	0	0	.	0	0	0	0	0	0	0	0	0	0	0	0	0	.	0	0	.	0	0	0	0	.	0	0	0	0	0	0	0	0	.	0	0	0	.	0	0	0	.	0	.	0	0	0	0	0	2	2	2	2	2	2	2	0	2	2	2	2	2	2	2	0	.	2	2	2	0	0	0	0	0	0	0	0	0	0	0	0	0	0	0	0	0	0	0	0	0	0	0	0	0	0	0	0	0	0	0	0	0	0	0	0	0	0	0	0	0	0	0	0	0	0	.
173311699	0	.	.	0	0	.	0	.	0	0	.	0	0	0	.	0	0	0	0	0	0	.	0	.	0	0	0	0	0	0	0	0	0	0	0	.	0	.	.	.	0	0	0	0	0	.	0	0	.	0	.	.	0	0	0	0	0	.	0	.	0	0	0	.	.	.	0	0	.	0	.	0	.	.	.	0	.	0	0	0	.	.	0	.	0	.	0	0	.	.	0	.	.	.	0	.	.	.	.	.	.	.	0	0	0	0	2	.	2	0	.	2	0	2	2	2	.	.	.	2	2	.	.	2	.	2	0	0	0	0	0	0	0	0	0	0	0	0	0	0	0	0	0	0	0	0	0	0	0	0	0	0	0	0	0	0	0	0	0	0	0	0	0	0	0	0	0	0	0	0	0	0	.
173390778	0	0	0	.	0	0	0	.	0	0	0	0	0	0	0	0	0	0	0	0	0	0	0	2	2	2	2	2	2	.	2	2	2	2	2	2	2	.	2	2	2	2	2	2	2	2	2	2	2	2	2	2	2	2	2	2	2	2	2	2	2	2	2	2	2	2	2	2	1	2	2	2	2	2	2	2	1	1	1	1	1	1	1	1	1	1	1	1	1	1	.	1	1	1	1	1	1	1	1	1	1	1	1	1	1	1	2	2	2	2	2	2	2	2	1	1	1	1	1	1	2	1	1	1	1	1	1	1	1	1	1	1	1	1	1	1	1	1	1	1	1	1	2	1	1	1	1	1	1	1	1	1	1	0	0	0	0	0	0	0	0	0	0	0	0	0	0	0	0	0	0	0	0
176778253	0	0	0	0	0	0	0	0	0	0	0	0	0	0	0	0	0	0	0	0	.	0	0	2	2	2	2	2	2	2	2	2	2	2	2	2	2	2	2	2	2	2	2	2	2	2	2	2	2	2	2	2	0	2	2	2	2	2	2	2	2	2	2	2	2	2	2	2	2	2	2	2	2	2	2	2	1	1	1	1	1	1	1	1	1	1	1	1	2	1	1	1	1	1	1	2	1	1	1	1	1	1	1	1	1	1	2	2	2	2	2	2	2	2	1	1	1	1	1	1	1	1	1	2	1	1	1	1	1	1	0	1	1	1	1	1	1	1	1	1	1	1	2	1	1	1	1	1	1	1	1	1	1	0	0	0	0	0	0	0	0	0	0	0	0	0	.	0	0	0	0	0	0
176955349	0	.	0	.	0	0	0	.	0	0	.	0	.	.	0	.	.	.	.	.	.	.	0	0	0	.	.	0	0	0	0	0	0	.	0	.	0	.	0	.	.	0	0	0	0	0	.	0	.	0	0	.	.	.	0	0	.	.	.	0	0	0	0	.	0	.	.	0	.	0	0	.	.	0	0	0	0	.	.	.	.	.	0	0	.	0	.	.	.	.	.	0	0	.	0	0	0	0	.	0	.	.	0	0	0	0	.	0	2	2	.	2	.	.	2	2	0	2	2	2	.	.	.	.	.	2	0	0	0	0	0	0	0	0	0	0	0	0	0	0	0	0	0	0	0	0	0	0	0	0	0	0	0	0	0	0	0	0	0	0	0	0	0	0	0	0	0	0	0	0	0	0	0
177115427	0	0	.	0	0	0	0	.	0	0	0	0	0	.	.	0	0	0	.	.	0	.	0	0	.	0	0	.	0	.	.	.	.	.	0	.	.	0	.	0	.	0	.	.	0	.	0	.	0	0	0	.	.	0	.	0	0	.	0	.	0	0	0	.	0	.	0	0	.	0	0	0	.	.	0	0	0	0	0	.	.	0	0	0	0	0	.	.	0	.	0	0	.	.	.	.	.	.	.	0	.	.	.	0	0	0	2	.	.	2	2	2	2	2	2	2	.	.	2	.	.	0	2	2	2	2	0	0	0	0	0	0	0	0	0	0	0	0	0	0	0	0	0	0	0	0	0	0	0	0	0	0	0	0	0	0	0	0	0	0	0	0	0	0	0	0	0	0	0	0	0	0	0
181996750	0	0	0	0	0	0	0	0	0	0	0	0	0	0	0	0	0	0	0	0	0	0	0	0	0	0	0	0	0	0	0	0	0	0	0	0	0	0	0	0	0	0	0	0	0	0	0	0	0	0	0	0	0	0	0	0	0	0	0	0	0	0	0	0	0	0	0	0	0	0	0	0	0	0	0	0	0	0	0	0	0	0	0	0	0	0	0	0	0	0	0	0	0	0	0	0	0	0	0	0	0	0	0	0	0	0	2	2	2	2	2	2	2	2	2	2	2	2	2	2	2	0	2	2	2	2	0	0	0	0	0	0	0	0	0	0	.	0	0	0	0	0	0	0	0	0	0	0	0	0	0	0	.	0	0	0	0	0	0	0	0	0	0	0	0	0	0	0	0	0	0	0	0
186042822	0	.	0	0	0	.	0	.	0	0	0	0	0	0	.	0	0	.	.	2	.	0	0	0	.	0	0	.	0	0	0	0	0	0	0	.	0	0	0	0	0	0	0	0	0	0	0	0	.	.	0	0	0	0	.	0	0	0	0	.	0	.	0	0	0	0	0	0	.	.	0	0	.	0	.	0	0	0	0	0	0	0	0	0	0	0	.	.	.	0	.	0	0	.	0	0	0	0	.	0	0	0	0	0	0	0	2	1	.	2	2	2	2	.	2	2	2	.	2	2	2	.	2	.	.	0	0	0	0	0	0	0	0	0	0	0	.	0	0	0	0	0	0	0	0	0	0	0	0	0	0	0	0	0	0	0	0	0	0	0	0	0	0	0	0	0	0	0	0	0	0	0	0
187498881	0	.	0	0	0	.	0	.	0	.	.	0	0	0	0	0	.	.	.	.	.	0	0	0	.	0	0	0	0	0	0	.	0	0	.	.	.	.	.	0	0	0	.	0	0	2	0	0	0	.	.	0	0	.	0	0	0	.	.	.	.	.	.	.	0	0	.	0	.	0	.	.	.	0	0	0	.	.	.	0	.	.	2	.	.	.	.	0	0	.	0	0	0	.	.	.	.	0	.	0	.	.	0	0	0	0	2	.	2	2	.	2	.	.	1	.	.	.	2	2	2	.	.	2	.	2	0	1	2	1	1	1	1	0	1	1	1	1	2	1	1	1	2	1	1	1	1	1	1	1	1	1	1	0	0	0	0	0	0	0	0	0	0	0	0	0	0	0	0	0	0	0	0
187499201	0	0	0	0	0	0	0	0	0	0	0	0	0	0	.	0	0	.	0	0	0	0	0	.	0	0	0	0	0	0	0	.	0	0	0	0	2	0	0	0	0	0	0	0	0	2	0	0	0	0	0	0	0	0	0	0	0	0	0	2	0	0	0	0	0	0	2	0	2	0	0	0	0	0	0	0	0	0	0	0	0	0	2	0	0	0	0	0	0	0	0	0	0	0	0	0	0	0	0	0	0	0	0	0	0	0	2	2	2	2	2	2	2	2	2	2	2	2	2	2	2	2	2	2	2	2	0	1	2	1	1	1	1	0	1	1	.	1	2	1	1	1	2	1	1	1	1	1	1	1	1	1	1	0	0	0	0	0	0	0	0	0	0	0	0	0	0	0	0	0	0	0	0
187499406	0	.	0	0	0	0	0	.	0	.	0	0	0	.	.	.	0	0	0	0	0	0	0	0	.	0	0	0	0	.	0	0	0	0	0	0	2	0	.	0	0	0	0	0	.	2	0	.	.	.	0	0	0	0	0	0	.	0	0	2	0	0	0	0	0	0	2	0	2	0	.	0	0	0	0	0	0	0	.	0	0	0	2	0	0	0	0	0	0	0	0	0	0	.	0	0	.	0	0	0	0	0	0	0	0	0	2	2	2	2	2	2	2	2	2	2	2	2	2	2	2	.	2	2	2	2	0	1	2	1	1	1	1	0	1	1	1	1	2	1	1	1	2	1	1	1	1	1	1	1	1	1	1	0	0	0	0	0	0	0	0	0	0	0	0	0	0	0	0	0	0	0	0
187499416	0	.	0	0	0	0	0	.	0	.	0	0	0	.	.	.	0	0	0	0	0	0	0	0	0	0	0	0	0	0	0	0	0	0	0	0	2	0	.	0	0	0	0	0	.	2	0	.	.	.	0	0	0	0	0	0	0	0	0	2	0	0	0	0	.	0	2	0	2	0	.	0	0	0	0	0	0	0	.	0	0	0	2	0	0	0	0	0	0	0	0	0	0	.	0	0	0	0	0	0	0	0	0	0	0	0	2	2	2	2	2	2	2	2	2	2	2	2	2	2	2	2	2	2	2	2	0	1	2	1	1	1	1	0	1	1	1	1	2	1	1	1	2	1	1	1	1	1	1	1	1	1	1	0	0	0	0	0	0	0	0	0	0	0	0	0	0	0	0	0	0	0	0
187499470	0	0	0	0	0	0	0	.	0	0	0	0	0	0	0	.	0	0	0	0	0	0	0	0	0	0	0	0	0	0	0	0	0	0	0	0	0	0	.	0	0	0	0	0	0	2	0	0	.	.	0	.	0	.	0	0	0	0	0	2	0	0	0	0	.	0	2	0	0	0	0	0	0	0	0	0	0	0	.	0	0	0	.	0	0	0	0	0	0	0	0	0	0	.	0	0	0	0	.	0	0	0	0	0	0	0	2	2	2	2	2	2	2	2	2	2	2	2	2	2	2	2	2	2	2	2	0	1	2	2	1	1	0	0	0	1	1	2	2	0	0	2	2	1	1	1	2	2	0	1	2	0	1	0	0	0	0	0	0	0	0	0	0	0	0	0	0	0	0	0	0	0	0
187504157	0	0	0	0	0	0	0	0	0	0	0	0	0	0	0	0	0	0	.	0	0	0	0	0	0	0	.	0	0	.	0	0	0	0	0	0	2	0	0	0	0	0	0	0	0	2	0	0	.	0	0	.	0	0	0	0	0	0	0	.	0	0	0	0	0	0	2	0	2	0	0	.	0	0	0	0	0	0	0	0	0	0	2	0	0	0	.	0	0	0	0	0	0	0	0	0	.	0	.	0	0	0	0	0	0	0	2	2	2	2	2	2	2	2	2	2	2	2	2	2	.	2	2	2	.	2	0	1	2	1	1	1	1	0	1	1	1	1	2	1	1	1	2	1	1	1	1	1	1	1	1	1	1	0	0	0	0	0	0	0	0	0	0	0	0	0	0	0	0	0	0	0	0
187504451	0	0	0	0	2	0	0	0	0	0	0	0	0	0	0	0	0	0	0	0	0	0	0	0	0	0	0	0	0	0	0	0	0	0	0	0	0	0	0	0	0	0	0	0	0	0	0	0	0	0	0	0	0	0	0	0	0	0	0	0	0	0	0	0	0	0	0	0	0	0	0	0	0	0	0	0	0	0	0	0	0	0	0	0	0	0	0	0	0	0	0	0	0	0	0	0	0	0	0	0	0	0	0	0	0	0	2	2	2	2	2	2	2	2	2	2	2	2	2	2	2	2	2	2	2	2	0	0	0	2	0	2	0	0	0	2	2	2	0	0	0	2	2	1	2	1	0	2	0	2	0	0	1	0	0	0	0	0	0	0	0	0	0	0	0	0	.	0	0	0	0	0	0
187504467	0	0	0	0	2	0	0	0	0	0	0	0	0	0	0	0	0	0	0	0	0	0	0	0	0	0	0	0	0	0	0	0	0	0	0	0	2	0	0	0	0	0	0	0	0	2	0	0	0	0	0	0	0	0	0	0	0	0	0	2	0	0	0	0	0	0	.	0	2	0	0	0	0	0	0	0	0	0	0	0	0	0	2	0	0	0	0	0	0	0	0	0	0	0	0	0	.	0	0	0	0	0	0	0	0	0	2	2	2	2	2	2	2	2	2	2	2	2	2	2	1	2	2	2	2	2	0	1	2	1	1	1	1	0	1	1	1	1	2	1	1	1	2	1	1	1	1	1	1	1	1	1	1	0	0	0	0	0	0	0	0	0	0	0	0	0	.	0	0	0	0	0	0
187504484	0	.	0	0	0	0	0	0	0	0	0	0	0	0	0	0	0	0	0	0	0	0	0	0	0	0	0	0	0	0	0	0	0	0	0	0	2	0	0	0	0	0	0	0	0	2	0	0	0	0	0	0	0	0	0	0	0	0	0	2	0	0	0	0	.	0	.	0	2	0	.	0	0	0	0	0	0	0	0	0	0	0	2	0	0	0	.	0	0	0	0	0	0	0	0	0	.	0	0	0	0	0	0	0	0	0	2	2	2	2	2	2	2	2	2	2	2	2	2	2	.	2	2	2	2	2	0	1	2	1	1	1	1	0	1	1	1	1	2	1	1	1	2	1	1	1	1	1	1	1	1	1	1	0	0	0	0	0	0	0	0	0	0	0	0	0	.	0	0	0	0	0	0
187659477	0	0	0	0	0	0	0	0	0	0	0	0	0	0	0	0	0	0	0	0	0	0	0	0	0	0	0	0	0	0	0	0	0	0	0	0	2	0	0	0	0	0	0	0	0	2	0	0	0	0	0	0	0	0	0	0	0	0	0	2	0	0	0	0	0	.	0	0	2	0	0	0	0	.	0	0	0	0	0	0	0	0	2	0	0	0	0	0	0	.	0	0	0	0	0	0	0	0	.	0	0	.	0	0	0	0	2	2	2	2	2	2	2	2	2	2	2	2	2	2	2	2	2	2	.	2	0	1	2	1	1	1	1	0	1	1	1	1	2	1	1	1	2	1	1	1	1	1	1	1	1	1	1	0	0	0	0	0	0	0	0	0	0	0	0	0	0	0	0	0	0	0	0
187659483	0	0	0	0	0	0	0	0	0	0	0	0	0	0	0	0	0	0	0	0	0	0	0	0	0	0	0	0	0	0	0	0	0	0	0	0	2	0	0	0	0	0	0	0	0	2	0	0	0	0	0	0	0	0	0	0	0	0	0	2	0	0	0	0	0	.	0	0	2	0	0	0	0	.	0	0	0	0	0	0	0	0	2	0	0	0	0	0	0	0	0	0	0	0	0	0	0	0	.	0	0	.	0	0	0	0	2	2	2	2	2	2	2	2	2	2	2	2	2	2	2	2	2	2	.	2	0	1	2	1	1	1	1	0	1	1	1	1	2	1	1	1	2	1	1	1	1	1	1	1	1	1	1	0	0	0	0	0	0	0	0	0	0	0	0	0	0	0	0	0	0	0	0
187659600	0	0	0	0	0	0	0	0	0	0	0	0	0	0	0	0	0	0	0	0	0	0	0	0	0	0	0	0	0	0	0	0	0	0	0	0	2	0	0	0	0	0	0	0	0	2	0	0	0	0	0	0	0	0	0	0	0	0	0	2	0	0	0	0	0	0	0	0	2	0	0	0	0	.	0	0	0	0	0	0	0	0	2	0	0	0	0	0	0	0	0	0	0	0	0	0	0	0	0	0	0	0	0	0	0	0	2	2	2	2	2	2	2	2	2	2	2	2	2	2	2	2	2	2	2	2	0	1	2	1	1	1	1	0	1	1	1	1	2	1	1	1	2	1	1	1	1	1	1	1	1	1	1	0	0	0	0	0	0	2	0	0	0	2	0	0	0	0	0	0	2	1	0
187659610	0	0	0	0	0	0	0	0	0	0	0	0	0	0	0	0	0	0	0	0	0	0	0	0	0	0	0	0	0	0	0	0	0	0	0	0	2	0	0	0	0	0	0	0	0	2	0	0	0	0	0	0	0	0	0	0	0	0	0	2	0	0	0	0	0	0	0	0	2	0	0	0	0	.	0	0	0	0	0	0	0	0	2	0	0	0	0	0	0	0	0	0	0	0	0	0	0	0	0	0	0	0	0	0	0	0	2	2	2	2	2	2	2	2	2	2	2	2	2	2	2	2	2	2	2	2	0	1	2	1	1	1	1	0	1	1	1	1	2	1	1	1	2	1	1	1	1	1	1	1	1	1	1	0	0	0	0	0	0	0	0	0	0	0	0	0	0	0	0	0	0	0	0
187659791	0	0	0	0	0	0	0	0	0	0	0	0	0	0	0	0	0	0	0	0	0	0	0	0	0	0	0	0	0	0	0	0	0	0	0	0	0	0	0	0	0	0	0	0	0	0	0	0	0	0	0	0	0	0	0	0	0	0	0	0	0	0	0	0	0	0	0	0	0	0	0	0	0	0	0	0	0	0	0	0	0	0	0	0	0	0	0	0	0	0	0	0	0	0	0	0	0	0	0	0	0	0	0	0	0	0	2	2	2	2	2	2	2	0	2	2	2	2	2	2	2	0	2	2	0	2	0	0	0	0	0	0	0	0	0	0	0	0	0	0	0	0	0	0	0	0	0	0	0	0	0	0	0	0	0	0	0	0	0	0	0	0	0	0	0	0	0	0	0	0	0	0	0
187659835	0	0	0	0	0	0	0	0	0	0	0	0	0	0	0	0	0	0	0	0	0	0	0	0	0	0	0	0	0	0	0	0	0	0	0	0	2	0	0	0	0	0	0	0	0	2	0	0	0	0	0	0	0	0	0	0	0	0	0	2	0	0	0	0	0	0	2	0	2	0	0	0	0	0	0	0	0	0	0	0	0	0	2	0	0	0	0	0	0	0	0	0	0	0	0	0	0	0	0	0	0	0	0	0	0	0	2	2	2	2	2	2	2	2	2	2	2	2	2	2	2	2	2	2	0	2	0	1	2	1	1	1	1	0	1	1	.	1	2	1	1	1	2	1	1	1	1	1	1	1	1	1	1	0	0	0	0	0	0	0	0	0	0	0	0	0	0	0	0	0	0	0	0
187659865	0	0	0	0	0	0	0	0	0	0	0	0	0	0	0	0	0	0	0	0	0	0	0	0	0	0	0	0	0	0	0	0	0	0	0	0	0	0	0	0	0	0	0	0	0	2	0	0	0	0	0	0	0	0	0	0	0	0	0	2	0	0	0	0	0	0	2	0	0	0	0	0	0	0	0	0	0	0	0	0	0	0	2	0	0	0	0	0	0	0	0	0	0	0	0	0	0	0	0	0	0	0	0	0	0	0	2	2	2	2	2	2	2	2	2	2	2	2	2	2	2	2	2	2	0	2	0	1	2	2	1	1	0	0	0	1	.	2	2	0	0	2	2	1	1	1	2	2	0	1	2	0	1	0	0	0	0	0	0	0	0	0	0	0	0	0	0	0	0	0	0	0	0
188834356	0	0	0	0	0	0	0	0	0	0	0	0	0	0	0	0	0	0	2	0	0	0	0	0	0	0	0	0	0	0	0	0	0	0	0	0	2	0	0	0	0	0	0	0	0	2	0	0	0	0	0	0	0	0	0	0	0	0	0	2	0	0	0	0	0	0	2	0	2	0	0	0	0	0	0	0	0	0	0	0	0	0	2	0	0	0	0	0	0	0	0	0	0	0	0	0	0	0	0	0	0	0	0	0	0	0	2	2	2	2	2	2	2	2	2	2	2	2	2	2	2	2	2	2	2	2	0	1	2	1	1	1	1	0	1	1	1	1	2	1	1	1	0	.	1	1	1	1	1	1	1	1	1	0	0	0	0	0	0	2	0	0	0	2	0	0	0	0	0	0	2	1	0
188834378	0	0	0	0	0	0	0	0	0	0	0	0	0	0	0	0	0	0	0	0	0	0	0	0	0	0	0	0	0	0	0	0	0	0	0	0	0	0	0	0	0	0	0	0	0	2	0	0	0	0	0	0	0	0	0	0	0	0	0	2	0	0	0	0	0	0	2	0	0	0	0	0	0	0	0	0	0	0	0	0	0	0	2	0	0	0	0	0	0	0	0	0	0	0	0	0	0	0	0	0	0	0	0	0	0	0	2	2	2	2	2	2	2	2	2	2	2	2	2	2	2	2	2	2	2	2	0	1	2	2	1	1	0	0	0	1	1	2	2	2	0	2	0	1	1	1	2	2	0	1	2	0	1	0	0	0	0	0	0	0	0	0	0	0	0	0	0	0	0	0	0	0	0
188834466	0	0	0	0	0	0	0	0	0	0	0	0	0	0	0	0	0	0	0	0	0	0	0	0	0	0	0	0	0	0	0	0	0	0	0	0	0	0	0	0	0	0	0	0	0	2	0	0	0	0	0	0	0	0	0	0	0	0	0	2	0	0	0	0	0	0	2	0	0	0	0	0	0	0	0	0	0	0	0	0	0	0	2	0	0	0	0	0	0	0	0	0	0	0	0	0	0	0	0	0	0	0	0	0	0	0	2	2	2	2	2	2	2	2	2	2	2	2	2	2	2	2	2	2	2	2	0	1	2	2	1	1	0	0	0	1	1	2	2	2	0	2	2	1	1	1	2	2	0	1	2	0	1	0	0	0	0	0	0	0	0	0	0	0	0	0	0	0	0	0	0	0	0
