Positions	So-21-29822-01	So-10-20006-02	So-10-20117-03	So-10-20327-01	So-10-20327-03	So-10-20333-01	So-10-20333-04	So-10-56965-01	So-21-28371-01	Sa-6-4253-02	Sa-21-82410-02	So-6-4253-01	So-21-28423-02	So-21-28425-02	So-8-6858-02	So-8-6685-03	Sa-6-3189-01	So-8-7024-01	So-21-28449-02	So-21-30218-03	Sa-21-30529-02	So-21-28449-04	So-21-30529-02	So-21-29822-02	Sa-8-12129-01	Sa-8-12129-02	Sa-8-12129-03	Sa-8-12129-04	So-10-20006-01	So-10-20110-02	So-10-20110-03	So-10-20279-01	So-10-20279-02	So-10-20279-03	So-10-20302-01	So-10-20327-02	So-10-20333-05	So-10-20347-02	So-10-20347-03	So-10-56965-02	So-10-56965-03	So-21-1061629-02	Sa-21-82410-01	So-21-28423-01	So-8-7291-01	Sa-21-30147-02	So-6-51263-02	Sa-21-82410-03	Sa-6-3385-01	Sa-21-82410-04	So-21-28425-03	So-8-7539-01	Sa-21-30147-04	Sa-21-30507-01	Sa-21-30218-01	So-8-6685-01	So-8-7539-02	Sa-8-7085-01	So-6-3385-02	Sa-21-30507-02	Sa-21-30218-02	So-8-7539-03	Sa-6-4253-01	Sa-24-60424-03	Sa-21-30218-03	So-8-7539-04	Sa-8-7085-04	So-21-30522-02	So-21-28449-01	So-21-30218-02	So-8-11559-02	Sa-21-30515-02	So-21-30522-03	So-21-1061629-01	Sa-6-3189-04	So-10-20333-03	So-21-28371-04	So-21-30529-03	So-10-20302-03	So-10-20333-02	So-10-20347-01	So-10-20363-02	Sa-8-11559-01	Sa-21-28423-03	Sa-21-30147-01	So-21-30507-01	So-21-28425-01	Sa-21-30147-03	So-21-28423-03	So-8-6685-02	Sa-8-7085-02	Sa-6-51263-02	Sa-21-30529-03	Sa-8-11559-03	So-6-4452-01	So-21-30522-01	So-8-11559-01	Sa-6-3189-02	Sa-21-30515-01	Sa-8-7085-05	Sa-6-3189-03	Sa-8-7085-06	Sa-21-28423-02	Sa-21-28425-02	So-10-20006-03	Sa-24-60424-01	So-21-28371-03	So-10-20117-01	So-10-20302-02	So-10-20363-01	So-6-51263-01	So-6-4253-02	So-6-3189-02	So-8-7024-03	So-21-28371-02	So-21-30529-01	So-10-20363-03	So-8-6858-03	So-21-30507-02	So-6-3189-01	So-6-3189-03	Sa-8-7085-03	So-21-30218-01	So-8-7024-02	So-8-11559-03	So-21-1061629-03
101238580	.	.	0	0	0	0	.	.	0	.	0	0	.	0	.	0	0	.	0	0	0	.	0	0	0	0	0	.	.	.	0	0	0	0	0	.	2	.	.	0	0	0	0	.	0	2	0	0	.	.	0	.	.	0	.	.	.	0	0	.	.	.	0	.	0	0	.	0	.	0	.	.	0	.	.	0	0	.	.	0	0	0	2	0	.	.	.	0	0	.	0	0	0	0	0	.	0	0	.	0	0	2	0	0	0	0	.	.	2	.	2	2	.	.	2	2	2	2	.	2	.	2	2	.	.	2
102047313	0	0	0	.	0	0	0	.	0	0	0	0	0	0	0	0	0	0	0	0	0	0	0	0	0	0	0	0	0	0	0	0	0	0	0	0	2	0	0	0	0	0	0	.	0	.	0	.	0	0	0	0	0	0	0	0	.	0	.	.	0	0	0	0	0	0	2	0	2	0	0	.	0	.	0	0	0	0	0	0	0	0	2	0	0	0	0	0	0	0	0	0	0	0	0	0	0	0	.	0	0	.	0	0	0	0	2	2	2	2	2	2	0	2	.	2	2	2	.	2	.	0	2	2	.	2
102047528	0	0	0	0	0	0	0	0	0	0	0	0	0	0	0	0	0	0	0	0	0	0	0	0	0	0	0	0	0	0	0	0	0	0	0	0	2	0	0	0	0	0	0	0	0	2	0	0	0	0	0	0	0	0	0	0	0	0	0	2	0	0	0	0	0	0	2	0	2	0	0	0	0	0	0	0	0	0	0	0	0	0	2	0	0	0	0	0	0	0	0	0	0	0	0	0	0	0	.	0	0	2	0	0	0	0	2	2	2	2	2	2	2	2	2	2	2	2	2	2	2	2	2	2	2	2
102047542	0	0	0	0	0	0	0	0	0	0	0	0	0	0	0	0	0	0	0	0	0	0	0	0	0	0	0	0	0	0	0	0	0	0	0	0	0	0	0	0	0	0	0	0	0	0	0	0	0	0	0	0	0	0	0	0	0	0	0	0	0	0	0	0	0	0	0	0	0	0	0	0	0	0	0	0	0	0	0	0	0	0	0	0	0	0	0	0	0	0	0	0	0	0	0	0	0	0	.	0	0	0	0	0	0	0	2	2	2	2	2	2	2	2	2	2	2	2	2	2	2	0	0	2	2	2
102047794	2	0	0	0	0	0	0	0	0	0	0	0	0	0	0	0	.	0	0	0	0	0	0	0	.	0	0	0	0	0	0	0	0	0	0	0	2	0	0	0	0	0	0	0	.	2	0	0	0	0	0	0	0	0	.	0	0	0	0	2	0	0	0	0	0	0	2	0	.	0	0	0	0	0	0	0	0	0	0	0	0	0	2	0	0	0	0	0	0	0	0	0	0	0	0	0	0	.	.	0	0	0	0	0	0	0	2	2	2	2	2	2	2	2	2	2	2	0	2	2	2	2	2	2	2	2
102047927	0	0	0	0	0	0	0	0	0	0	0	0	0	0	0	0	0	0	0	0	0	0	0	0	0	0	0	.	0	0	0	0	0	0	0	0	2	0	0	0	0	0	0	0	0	2	0	0	0	0	0	.	0	0	0	0	0	0	0	2	0	0	0	0	0	0	.	0	2	0	0	0	0	0	0	0	0	0	0	0	0	0	2	0	0	0	0	0	0	0	0	0	0	0	0	0	0	0	0	0	0	.	0	0	0	0	2	2	2	2	2	2	0	2	2	2	2	2	2	2	2	2	2	2	2	2
102583767	0	0	0	0	0	0	0	0	0	0	0	0	0	0	0	0	0	0	0	0	0	0	0	0	0	0	0	0	0	0	0	0	0	0	0	0	2	0	0	0	0	0	0	0	0	2	0	0	0	0	0	0	0	0	0	0	0	0	0	2	0	0	0	0	0	0	2	0	2	0	0	0	0	0	0	0	0	0	0	0	0	0	2	0	0	0	0	0	0	0	0	0	0	0	0	0	0	0	0	0	0	2	0	0	0	0	2	2	2	2	2	2	2	2	2	2	2	2	2	2	2	2	2	2	2	2
102583965	0	0	0	0	0	0	0	0	0	0	0	0	0	0	2	0	0	2	0	2	0	0	0	0	0	0	0	0	0	0	0	2	0	0	0	0	2	0	0	0	0	0	0	0	0	2	0	0	0	2	2	0	0	0	2	0	0	0	0	2	0	0	0	0	0	0	.	0	2	0	0	0	0	0	0	2	0	0	2	0	0	0	2	0	2	0	2	0	0	0	0	0	0	.	0	0	0	0	0	0	0	2	0	0	2	0	2	2	2	2	2	2	2	2	2	2	2	2	2	2	2	2	2	2	2	2
104115293	0	0	0	0	0	0	0	0	0	0	0	0	0	0	0	0	0	0	0	0	0	0	0	0	0	0	0	0	0	0	0	0	0	0	0	0	2	0	0	0	0	0	0	0	0	2	0	0	0	0	0	0	0	0	0	0	0	0	0	2	0	0	0	0	0	0	2	0	2	0	0	0	0	0	0	0	0	0	0	0	0	0	2	0	0	0	0	0	0	0	0	0	0	0	0	0	0	0	0	0	0	2	0	0	0	0	2	2	2	2	2	2	2	2	2	2	2	2	2	2	2	2	2	2	2	2
104115551	1	1	1	1	1	1	1	1	1	2	1	1	1	1	1	1	1	1	2	1	1	1	1	1	1	2	1	1	2	1	1	1	1	2	1	1	2	1	1	1	1	1	1	1	1	2	1	1	1	1	1	1	1	1	1	1	1	1	2	.	1	1	1	1	1	1	2	1	2	1	1	1	1	1	1	1	1	1	1	1	1	1	2	1	1	1	1	1	1	1	1	1	1	1	1	1	1	1	1	.	1	2	1	1	1	1	2	.	2	2	2	2	2	2	2	2	2	2	2	2	2	2	2	2	2	2
104115578	1	1	1	1	1	1	.	.	1	1	.	1	1	1	1	.	.	1	1	1	1	1	1	1	1	1	1	1	1	1	1	1	1	1	1	1	2	1	.	1	1	1	.	1	.	2	1	1	1	1	1	1	1	1	1	.	1	1	1	.	1	1	1	1	1	1	.	1	2	1	1	.	1	1	1	1	.	1	1	1	1	1	.	1	1	1	1	.	1	1	1	1	1	.	1	1	1	1	1	.	1	0	1	1	1	1	2	.	2	2	2	2	2	0	2	2	2	2	2	2	2	2	2	2	1	2
104115612	1	.	1	1	2	.	.	1	1	1	.	1	.	1	1	.	.	1	1	1	1	1	1	1	1	1	1	.	1	1	1	1	1	1	2	1	2	1	.	1	1	1	.	1	.	2	1	.	1	1	.	1	1	1	1	.	1	1	1	.	.	1	1	.	1	.	.	1	2	.	.	.	1	1	.	1	.	1	1	1	1	1	.	1	.	2	.	.	1	1	1	1	.	.	.	1	1	.	1	.	1	.	1	1	1	1	1	.	2	2	2	2	.	2	.	2	2	2	.	2	2	.	0	2	.	2
104115639	1	.	1	1	1	.	.	.	1	1	.	1	.	1	1	.	.	1	1	.	.	1	1	1	1	1	1	.	1	1	1	1	1	1	1	1	1	1	.	1	1	1	.	1	.	2	1	.	1	.	.	1	1	1	1	1	1	.	1	.	.	1	1	1	1	.	.	.	1	.	.	.	.	1	.	1	.	1	1	1	1	1	.	.	.	1	.	.	1	1	.	1	.	.	1	1	.	.	.	.	1	.	1	1	1	1	1	.	2	2	2	2	.	0	2	2	0	0	.	2	2	.	0	.	.	2
104286692	0	0	0	0	0	0	0	0	0	0	0	0	0	0	0	0	0	0	0	0	0	0	0	0	0	0	0	0	0	0	0	0	0	0	0	0	2	0	0	0	0	0	0	0	0	2	0	0	0	0	0	0	0	0	0	0	0	0	0	2	0	0	0	0	0	0	2	0	2	0	0	0	0	0	0	0	0	0	0	0	0	0	2	0	0	0	0	0	0	0	0	0	0	0	0	0	.	0	.	0	0	2	0	0	0	0	2	2	2	2	2	2	2	2	2	2	2	2	2	2	2	2	2	2	2	2
104286919	0	0	0	0	0	0	0	.	0	0	0	0	0	0	0	0	.	0	0	0	0	0	0	0	0	0	0	0	0	0	0	0	0	0	0	.	2	0	0	0	0	0	0	0	0	2	0	0	0	0	.	0	0	0	0	0	0	0	0	.	0	0	0	0	0	0	2	0	2	.	0	0	0	0	0	0	0	0	0	0	0	0	2	0	0	0	0	0	0	0	0	0	0	0	0	0	.	0	0	0	0	.	0	0	0	0	2	2	2	2	2	2	2	2	2	2	2	1	2	2	.	2	0	2	.	2
104286966	0	0	0	0	0	0	0	0	0	0	0	0	0	0	.	0	.	0	0	0	0	0	0	0	0	0	.	0	0	0	0	0	0	0	0	0	2	0	0	0	0	0	0	0	.	2	0	0	0	0	0	0	0	0	0	0	0	0	0	.	0	0	0	0	0	0	2	0	.	.	0	.	0	0	0	0	0	0	0	0	0	0	2	0	0	0	0	0	0	0	0	0	0	0	0	0	.	0	0	0	0	.	0	0	0	0	2	2	2	2	2	2	2	2	1	2	2	1	2	2	.	2	2	2	2	2
104754587	0	0	0	0	0	0	0	0	0	0	0	0	0	0	0	0	0	0	0	0	0	0	0	0	0	0	0	0	0	0	0	0	0	0	0	0	2	0	0	0	0	0	0	0	0	2	0	0	0	0	0	0	0	0	0	0	0	0	0	2	0	0	0	0	0	0	2	0	2	0	0	0	0	0	0	0	0	0	0	0	0	0	2	0	0	0	0	0	0	0	0	0	0	0	0	0	0	0	0	0	0	2	0	0	0	0	2	2	2	2	2	2	2	2	2	2	2	2	2	2	2	2	2	2	2	2
104754675	0	0	0	0	0	0	0	0	0	0	0	0	0	0	0	0	0	0	0	0	0	0	0	0	0	0	0	0	0	0	0	0	0	0	0	0	2	0	0	0	0	0	0	0	0	2	0	0	0	0	0	0	0	0	0	0	0	0	0	0	0	0	0	0	0	0	0	0	2	0	0	0	0	0	0	0	0	0	0	0	0	0	2	0	0	0	0	0	0	0	0	0	0	0	0	0	0	0	0	0	0	2	0	0	0	0	2	2	2	2	2	2	2	2	2	2	2	2	2	2	2	2	2	2	2	2
104754899	0	.	0	.	0	0	0	0	0	0	0	0	0	.	0	0	0	0	0	0	0	0	0	0	0	0	0	.	0	0	0	0	0	0	0	0	0	0	0	0	0	0	0	0	0	0	0	.	0	0	0	0	0	.	0	.	0	0	0	0	0	0	0	0	0	0	0	.	0	0	0	0	0	0	0	0	0	0	0	0	0	0	.	0	0	0	0	0	.	0	.	0	0	0	0	0	0	0	0	.	0	0	0	0	0	0	2	2	.	2	2	2	2	2	2	2	2	2	2	2	2	0	2	0	2	2
104759659	0	.	0	.	0	.	0	.	0	0	0	0	0	0	.	0	0	0	0	0	0	0	0	0	0	0	0	0	0	.	0	0	0	0	0	0	2	0	.	0	0	0	0	0	0	.	0	0	0	0	0	0	0	0	0	0	0	0	0	2	0	.	0	0	0	0	2	0	2	0	0	0	0	0	0	0	0	0	.	0	0	0	2	0	.	0	0	0	.	0	0	0	0	0	0	0	0	0	.	0	0	2	0	0	0	0	2	2	2	2	2	2	2	2	2	2	.	.	2	2	2	2	2	2	2	2
104759675	0	.	0	.	0	.	0	.	0	0	0	0	0	0	0	0	0	0	0	0	0	0	0	0	0	0	0	0	0	.	0	0	0	0	0	0	2	0	.	0	0	0	0	0	0	.	0	0	0	0	0	0	0	0	0	0	0	0	0	2	0	0	0	0	0	0	2	0	2	0	0	0	0	0	0	0	0	0	0	0	0	0	2	0	.	0	0	0	.	0	0	0	0	0	0	0	0	0	.	0	.	2	0	0	0	0	2	2	2	2	2	2	2	2	2	2	.	.	2	2	2	2	2	2	2	2
104759886	0	.	.	.	.	.	0	.	0	0	0	0	.	0	.	.	0	0	.	0	.	0	0	.	.	0	0	.	0	.	0	0	.	.	.	.	.	0	.	0	0	0	0	0	.	.	0	.	0	0	0	0	.	0	0	.	.	0	0	.	.	0	.	.	.	0	0	.	0	0	0	0	0	.	0	0	0	.	.	0	0	0	.	0	.	0	.	0	.	.	0	0	0	.	0	0	0	0	0	0	.	0	0	0	0	0	2	.	.	2	2	2	.	2	2	2	.	2	2	2	.	.	.	.	.	0
104982117	0	0	0	0	0	0	0	0	0	0	0	0	0	0	0	0	0	0	0	0	0	0	0	0	0	0	0	0	0	0	0	0	0	0	0	0	0	0	0	0	0	0	0	0	0	2	0	0	0	0	0	0	0	0	0	0	0	0	0	2	0	0	0	0	0	0	2	0	2	0	0	0	0	0	0	0	0	0	0	0	0	0	2	0	0	0	0	0	0	0	0	0	0	0	0	0	0	0	0	0	0	2	0	0	0	0	2	2	2	2	2	2	2	2	2	2	2	2	2	2	2	2	2	0	2	2
104982193	0	0	0	0	0	0	0	0	0	0	0	0	0	0	.	0	0	0	0	0	0	0	0	0	0	0	0	0	0	0	0	0	0	0	0	0	0	0	0	0	0	0	0	0	0	0	0	0	0	0	0	0	0	0	0	0	0	0	0	0	0	.	0	0	0	0	0	0	0	0	0	0	0	0	0	0	0	0	.	0	0	.	0	0	0	0	0	0	0	0	0	0	0	0	0	0	0	0	0	0	0	0	0	0	0	0	2	2	2	2	2	2	2	2	2	2	2	2	2	2	2	0	2	0	0	2
105710943	0	0	0	0	0	0	0	0	0	2	0	0	0	0	0	0	0	0	2	0	0	0	0	0	0	2	0	0	2	0	0	0	0	2	0	0	2	0	0	0	0	0	0	0	0	2	0	0	0	0	0	0	0	0	0	0	0	0	2	.	0	0	0	0	0	0	2	0	2	0	0	0	0	.	0	0	0	0	0	0	0	0	2	0	0	0	0	0	0	0	0	0	0	0	0	0	0	0	0	0	0	2	0	0	0	0	2	2	2	2	2	2	2	2	1	2	2	2	2	2	0	2	2	2	2	2
105711319	0	0	0	.	0	0	0	0	0	2	0	0	0	0	0	0	0	0	2	0	0	0	0	0	0	2	0	0	2	.	0	0	0	2	0	.	2	0	0	0	0	0	0	0	0	2	0	0	0	0	0	0	0	0	0	0	.	0	2	2	0	0	0	0	0	0	.	0	2	0	0	0	0	0	0	0	0	0	0	0	0	0	2	0	0	0	0	0	0	0	0	0	0	0	0	0	0	0	0	0	0	2	0	0	0	0	2	2	2	2	2	2	2	2	2	2	2	2	2	2	2	2	2	2	2	2
105944273	0	0	0	0	0	0	0	0	0	0	0	0	0	0	0	0	0	0	0	0	0	0	0	0	0	0	0	0	0	0	0	0	0	0	0	0	2	0	0	0	0	0	0	0	0	2	0	0	0	0	0	0	0	0	0	0	0	0	0	0	0	0	0	0	0	0	.	0	2	0	0	0	0	0	0	0	0	0	0	0	0	0	0	0	0	0	0	0	0	0	0	0	0	0	0	0	0	0	.	0	0	.	0	0	0	0	2	2	2	2	2	2	2	2	2	2	2	2	2	2	0	2	2	0	0	2
106468677	0	0	0	0	0	0	0	0	0	0	0	0	0	0	0	0	0	0	0	0	0	0	0	0	0	0	0	0	2	0	0	0	0	0	0	0	2	0	0	0	0	0	0	0	0	2	0	0	0	0	0	0	0	0	0	0	0	0	0	2	0	0	0	0	0	0	2	0	2	0	0	0	0	0	0	0	0	0	0	0	0	0	2	0	0	0	0	0	0	0	0	0	0	0	0	0	0	0	0	.	0	0	0	0	0	0	2	2	0	2	2	2	2	2	2	2	2	2	2	2	2	2	2	2	2	2
106468688	0	0	0	0	0	0	0	0	0	0	0	0	0	0	0	0	0	0	0	0	0	0	0	0	0	0	0	0	2	0	0	0	0	.	0	0	2	0	0	0	0	0	0	0	0	2	0	0	0	0	0	0	2	0	0	0	0	0	0	2	0	0	0	0	0	0	2	0	2	0	0	0	0	0	0	0	0	0	0	0	0	0	2	0	0	0	0	0	0	0	0	0	0	0	0	0	0	0	0	.	0	2	0	0	0	0	2	2	0	2	2	2	2	2	2	2	2	2	2	2	2	2	2	2	2	2
106468737	0	0	0	0	0	0	0	0	0	0	0	0	0	0	0	0	0	2	0	0	0	0	0	0	0	0	0	0	2	0	0	0	0	.	0	0	2	0	0	0	0	0	0	0	0	2	0	0	0	0	0	0	0	0	0	0	0	0	0	0	0	0	0	0	0	0	0	0	2	0	0	0	0	0	0	0	0	0	0	0	0	0	2	0	0	0	0	0	0	0	0	0	0	0	0	0	0	0	.	0	0	2	0	0	0	0	2	2	0	2	2	2	2	2	2	2	2	2	2	2	2	2	2	2	2	2
106469138	0	.	0	.	.	0	0	.	0	.	0	0	0	0	0	0	.	0	0	0	.	0	0	.	0	0	.	.	0	.	0	0	.	0	0	0	.	.	0	0	0	0	0	.	.	0	.	.	0	0	0	0	0	0	.	0	0	.	.	0	0	0	.	.	.	.	.	0	.	0	0	.	.	.	0	0	0	0	0	0	.	0	0	.	0	0	.	0	0	0	.	0	0	.	0	0	.	.	.	0	.	0	0	.	0	0	.	.	2	2	2	.	2	.	2	2	2	0	0	2	0	.	.	2	.	2
106560154	0	0	0	0	0	.	0	0	0	.	0	0	0	0	0	.	0	0	.	0	0	0	0	0	0	0	.	0	0	0	0	0	0	0	.	.	.	.	0	0	0	0	0	0	0	0	0	0	0	.	0	0	0	0	.	0	0	.	.	.	0	0	0	.	0	.	.	.	0	0	.	0	.	.	.	0	.	.	.	0	.	0	.	0	.	0	0	.	.	0	0	0	0	0	0	.	.	.	0	.	0	.	0	.	0	0	2	2	.	2	.	.	2	.	.	2	2	0	2	2	.	.	.	2	.	2
106560221	0	0	0	0	0	0	0	0	0	.	0	0	0	0	0	0	0	0	.	0	0	0	0	0	0	0	0	0	.	.	0	0	0	0	0	0	0	.	0	0	0	0	0	0	0	2	0	.	0	0	0	2	0	0	0	0	0	.	.	2	0	0	0	0	0	.	.	.	2	0	.	0	0	.	0	0	0	0	0	0	0	0	2	0	.	0	0	0	.	.	0	0	0	0	0	.	0	.	0	.	.	2	0	0	0	0	2	2	2	2	.	2	2	.	.	2	2	0	2	2	.	.	2	2	.	2
106561841	0	.	0	0	0	0	0	0	0	.	0	0	0	.	0	0	0	.	.	0	.	0	0	.	.	.	0	0	.	0	0	0	0	.	.	0	2	.	0	0	.	.	0	0	0	2	0	.	0	.	0	.	0	.	.	0	0	.	.	2	.	0	.	0	0	.	2	0	2	0	.	0	0	.	0	0	0	.	0	.	.	0	2	.	0	0	0	0	0	0	0	.	0	.	0	0	.	0	0	.	0	.	0	0	0	.	2	2	2	2	2	2	2	0	.	2	2	.	.	2	2	.	.	0	.	2
107164687	0	0	0	0	0	0	0	.	0	0	0	0	0	0	0	0	0	0	0	0	0	0	0	0	.	0	0	0	0	0	0	0	0	0	0	0	0	.	0	0	0	0	0	0	0	0	0	0	0	0	0	0	0	0	0	0	0	0	0	0	0	0	0	0	0	0	0	0	0	0	0	0	0	0	0	0	0	0	0	0	0	0	0	0	0	0	0	0	0	0	0	0	0	0	0	0	0	0	0	0	0	0	0	0	0	0	2	0	2	2	2	2	2	0	0	2	2	0	2	2	2	0	2	2	2	2
107164726	0	0	0	0	0	0	0	0	0	0	0	0	0	0	0	0	0	0	0	0	0	0	0	0	0	0	0	0	0	0	0	0	0	0	0	.	0	0	0	0	0	0	0	0	0	0	0	0	0	0	0	0	0	0	0	0	0	0	0	0	0	0	0	0	0	0	0	0	0	0	0	0	0	0	0	0	0	0	0	0	0	0	0	0	0	0	0	0	0	0	0	0	0	0	0	0	0	0	0	0	0	0	0	0	0	0	2	2	2	2	2	2	2	2	2	2	2	2	2	2	2	0	2	2	.	2
107190006	2	2	0	.	0	0	0	0	0	.	.	0	.	0	.	0	0	0	0	0	0	.	0	.	0	.	0	.	0	0	0	0	0	.	0	.	1	.	.	0	.	.	0	.	0	.	.	0	.	.	0	0	0	0	.	.	.	0	.	.	0	0	.	.	.	.	.	.	2	.	0	.	0	0	0	0	0	0	0	0	0	0	.	0	.	0	0	0	.	0	.	.	.	.	.	0	.	.	.	0	.	.	0	0	0	2	1	2	2	2	2	2	2	2	1	2	2	2	2	2	2	.	2	2	2	2
107780215	0	0	0	0	0	.	0	.	.	2	.	0	0	0	.	0	0	0	2	0	0	0	0	0	.	2	.	.	0	.	0	0	.	2	.	0	2	.	.	0	0	.	0	0	0	.	0	0	0	0	0	0	.	0	0	.	0	0	0	.	.	.	0	.	0	.	0	.	2	0	.	.	0	0	0	0	0	0	.	.	0	0	2	0	.	0	0	.	.	0	0	0	0	0	0	.	0	.	.	.	.	0	0	0	0	0	2	2	2	.	2	2	2	.	1	.	2	2	2	2	.	2	2	2	.	2
107988185	0	0	0	0	0	0	0	0	0	0	0	0	0	0	0	0	0	0	0	0	0	0	0	0	0	0	0	0	0	0	0	0	0	0	0	0	0	0	0	0	0	0	0	0	0	0	0	0	0	0	0	0	0	0	0	0	0	0	0	0	0	0	0	0	0	0	.	0	0	0	0	0	0	.	0	0	0	0	0	0	0	0	0	0	0	0	0	.	0	0	0	0	0	0	0	0	0	0	0	0	0	0	0	0	0	0	2	2	0	2	2	2	2	2	2	2	2	2	2	2	2	0	2	2	2	2
107988219	0	0	0	0	0	0	0	0	0	0	0	0	0	0	0	0	0	0	0	0	0	0	0	0	0	0	0	0	0	0	0	0	0	0	0	0	2	0	0	0	0	0	0	0	0	2	0	0	0	0	0	0	0	0	0	0	0	0	0	2	0	0	0	0	0	0	0	0	2	0	0	0	0	.	0	0	0	0	0	0	0	0	2	0	0	0	0	0	0	0	0	0	0	0	0	2	0	0	0	0	0	2	0	0	0	0	2	2	2	2	2	2	2	2	2	2	2	2	2	2	2	2	2	2	2	2
108015685	0	0	0	0	0	0	0	0	0	0	0	0	0	0	.	.	.	0	0	0	0	0	0	0	0	0	0	0	0	0	0	0	0	0	0	.	2	.	0	0	0	0	2	.	.	2	.	0	0	0	0	.	0	0	.	0	0	0	0	2	0	0	.	0	0	.	.	.	2	0	.	0	.	0	.	0	0	.	0	.	0	0	2	0	.	0	0	0	0	0	0	0	0	.	0	0	0	0	0	0	.	.	0	0	0	0	2	2	2	2	2	2	2	2	.	2	2	2	.	2	.	.	.	0	.	0
108015930	0	0	0	0	0	.	0	.	0	0	0	0	0	0	0	0	0	0	0	0	0	.	0	.	0	.	0	0	0	.	0	.	0	0	0	0	2	.	0	0	.	0	0	0	.	0	0	.	0	0	0	0	0	0	0	.	0	0	.	2	0	.	0	0	.	0	.	.	2	0	.	0	.	0	0	0	0	0	0	0	.	.	2	0	.	0	0	0	0	0	0	0	.	.	.	0	0	.	0	0	.	.	0	0	0	0	2	0	2	2	1	2	2	2	.	2	.	2	.	2	2	2	2	2	.	2
108699044	0	.	.	.	0	0	.	0	0	0	0	0	.	0	.	.	0	0	.	0	0	.	0	0	.	2	0	0	0	.	.	0	0	2	.	0	.	0	.	.	0	0	0	0	0	.	0	0	0	.	0	.	0	0	.	.	.	.	0	.	0	0	0	0	0	.	.	0	2	0	.	.	0	.	0	0	0	0	0	0	0	0	0	.	.	.	0	0	0	0	0	0	0	0	0	0	.	0	.	0	.	2	0	0	0	0	2	2	2	2	2	2	.	2	2	0	.	2	.	.	2	2	2	2	2	2
108775901	0	0	0	0	0	0	0	0	0	.	0	0	0	0	0	0	0	0	.	0	0	0	0	0	0	.	0	0	0	0	0	0	.	.	0	0	0	0	0	0	0	0	0	0	.	2	0	.	0	0	0	0	0	0	.	0	.	0	0	.	0	0	0	0	0	0	.	0	.	0	0	0	0	0	0	0	0	0	0	0	0	0	2	0	.	0	0	.	0	0	0	0	0	0	0	.	0	0	0	0	0	2	0	0	0	0	2	.	2	2	2	2	2	.	2	2	2	2	.	.	2	2	2	2	2	2
108776002	0	0	0	0	0	0	0	0	0	0	0	0	0	0	0	0	.	0	.	0	0	0	0	0	0	.	0	0	0	0	0	0	0	0	0	0	0	.	0	0	0	0	0	0	0	0	0	0	0	0	0	0	0	0	0	0	.	0	0	.	0	0	0	0	0	0	0	0	.	0	.	0	.	0	0	0	0	0	0	0	0	0	0	0	.	0	0	0	0	0	0	0	0	0	0	.	0	0	0	0	0	0	0	0	0	0	2	.	2	2	2	2	2	.	1	2	2	2	2	2	2	0	.	2	.	2
108776003	0	0	0	0	0	0	0	0	0	0	0	0	0	0	0	0	.	0	.	0	0	0	0	0	0	.	0	0	0	0	0	0	0	0	0	0	2	.	0	0	0	0	0	0	0	2	0	0	0	0	0	0	0	0	0	0	.	0	0	.	0	0	0	0	0	0	2	0	.	0	.	0	.	0	0	0	0	0	0	0	0	0	2	0	.	0	0	0	0	0	0	0	0	0	0	.	0	0	0	0	0	0	0	0	0	0	2	.	2	2	2	2	2	.	1	2	2	2	2	2	2	2	.	2	.	2
110150586	0	.	0	.	0	.	0	.	0	0	0	0	0	0	0	0	0	.	0	0	0	0	0	0	0	.	0	0	.	.	0	.	0	0	0	.	.	.	.	0	0	0	0	0	.	2	.	0	0	0	0	0	0	0	.	0	0	0	.	.	0	0	0	0	0	.	0	.	2	0	0	0	.	.	0	0	.	0	.	0	0	0	2	0	0	0	0	0	.	0	0	0	.	.	0	0	0	.	0	.	0	2	0	.	0	0	2	.	2	2	2	2	2	2	2	2	2	2	2	0	2	2	.	2	2	2
110150631	0	.	0	.	0	0	0	.	0	0	0	0	0	0	0	0	0	0	0	2	0	0	0	0	0	.	0	0	.	.	0	0	0	0	0	.	.	.	0	0	0	0	0	0	.	2	0	0	0	0	0	.	0	0	0	0	0	0	.	.	0	0	0	0	0	.	0	.	2	0	.	0	.	.	0	0	.	0	0	0	0	0	.	0	0	0	0	0	0	0	0	0	0	.	0	0	.	.	0	0	0	2	0	0	0	0	2	.	2	2	2	2	2	2	2	2	2	2	2	0	2	2	.	2	2	2
110247665	0	0	0	0	0	0	0	0	0	0	0	0	0	0	0	0	.	0	0	0	.	0	0	0	0	0	0	0	0	.	0	0	0	0	0	0	2	0	.	0	0	0	.	0	.	2	0	0	0	0	0	.	.	0	0	0	0	.	0	.	0	0	0	0	0	0	.	.	2	0	0	0	.	0	0	0	0	0	.	0	0	0	.	0	0	0	.	0	0	0	0	0	0	0	0	0	0	0	.	0	0	2	0	0	0	0	.	2	2	2	2	2	2	2	2	2	2	2	2	2	2	.	.	2	.	2
110248030	0	2	0	2	0	0	0	0	0	0	0	0	0	.	0	0	.	0	0	.	.	0	0	0	.	0	.	0	0	0	0	0	0	0	0	.	2	0	.	0	0	0	0	0	.	2	0	0	0	.	0	0	.	0	0	.	.	0	0	.	0	0	0	.	0	0	.	0	2	0	.	.	0	.	0	0	0	0	0	.	0	0	.	.	0	0	0	0	0	.	0	0	0	0	0	.	.	.	.	.	.	.	0	0	0	0	2	2	2	2	.	2	.	.	2	2	2	.	2	2	.	2	2	2	.	2
111668186	0	.	0	.	0	0	0	0	0	2	0	0	.	0	.	0	.	.	2	0	.	0	0	0	.	2	0	.	0	0	0	0	.	.	0	0	2	0	0	0	0	0	.	0	0	2	0	0	0	0	0	0	.	0	0	0	0	0	0	.	.	0	0	0	0	.	.	.	.	0	0	.	0	.	.	0	.	.	.	0	0	0	2	2	.	0	0	0	0	0	0	2	0	0	0	0	.	0	.	.	.	.	0	0	0	0	2	2	2	2	.	2	2	.	2	.	2	2	.	2	2	2	2	2	.	2
111668445	0	.	0	.	0	0	0	0	0	.	0	0	0	0	.	0	0	.	.	0	0	.	0	0	.	2	0	0	0	0	0	0	0	0	.	.	2	0	0	0	0	0	.	0	0	2	0	.	0	.	0	0	0	0	.	.	0	0	0	2	0	0	0	0	0	.	.	.	2	.	.	0	0	.	0	0	0	0	0	0	0	0	2	0	.	0	.	0	0	0	0	0	0	0	0	0	0	.	0	.	0	.	0	0	0	0	2	2	2	2	2	.	2	.	2	2	2	.	2	2	2	2	.	2	2	2
112220970	0	0	0	0	0	0	0	.	0	0	0	0	0	0	0	0	.	0	0	0	.	.	0	0	0	0	0	0	0	0	0	0	0	0	0	0	.	0	.	0	0	0	0	0	.	1	0	0	0	.	.	0	.	0	0	0	0	0	0	.	0	0	0	0	0	0	0	0	2	.	0	.	0	0	.	0	0	0	0	0	0	0	2	0	0	0	0	0	0	0	0	0	0	0	0	0	.	0	0	0	0	0	0	0	0	0	2	2	0	2	2	2	2	2	2	2	2	0	2	2	2	2	0	0	2	2
112220973	0	0	0	0	0	0	0	.	0	0	0	0	0	0	0	0	.	0	0	0	.	.	0	0	0	0	0	0	0	0	0	0	0	0	0	0	.	0	.	0	0	0	0	0	.	0	0	0	0	.	.	0	.	0	0	0	0	0	0	.	0	0	0	0	0	0	0	0	0	.	0	.	0	0	.	0	0	0	0	0	0	0	0	0	0	0	0	0	0	0	0	0	0	0	0	0	.	0	0	0	0	0	0	0	0	0	2	2	0	2	2	2	2	2	2	2	2	0	2	2	2	0	0	0	2	2
112802382	0	0	0	0	.	0	0	.	0	2	0	0	0	0	0	0	0	.	2	0	0	0	0	0	0	.	0	0	0	0	2	0	0	2	0	.	2	.	.	0	0	0	0	0	0	.	.	0	0	.	0	0	0	0	0	0	0	0	0	.	0	0	0	.	0	0	.	0	.	0	.	.	.	0	0	0	0	0	0	0	0	0	2	0	.	0	.	0	0	0	0	0	.	0	0	0	.	0	0	0	.	0	0	.	0	0	2	2	0	2	2	2	2	2	.	2	0	2	2	1	2	2	2	2	.	2
112802503	0	0	0	0	0	0	0	0	0	0	0	0	0	0	.	0	0	0	0	0	0	0	0	0	.	0	0	0	0	0	0	.	0	0	0	.	0	0	.	0	0	0	0	0	0	.	0	0	0	0	0	0	0	0	0	0	0	0	.	.	0	0	0	0	0	0	0	0	0	0	0	0	0	0	0	0	0	0	0	.	0	0	.	.	0	0	0	0	0	0	.	0	0	0	0	0	.	.	.	0	0	.	0	0	0	0	2	.	2	2	2	2	2	2	1	2	0	2	2	2	2	0	2	2	.	2
112802574	0	0	0	0	0	0	0	0	0	0	0	0	0	.	0	0	0	0	0	.	0	.	0	0	0	0	0	0	0	0	0	0	0	0	.	.	2	0	.	.	0	0	0	0	0	.	0	0	0	0	0	0	0	0	0	.	0	0	.	.	0	0	0	0	0	.	.	.	0	0	0	0	0	0	0	0	0	0	0	.	0	0	.	.	.	0	.	0	0	0	0	0	0	.	0	.	0	.	.	0	0	0	0	0	0	0	2	.	.	.	2	2	2	2	2	0	2	2	2	2	1	2	2	.	2	2
114111635	0	0	0	0	0	0	0	0	0	0	0	0	0	.	0	0	.	0	0	0	0	0	0	0	0	0	0	0	0	.	0	0	0	0	0	.	2	0	0	0	0	0	0	0	0	0	0	0	0	0	0	0	.	0	0	0	0	0	0	1	0	0	0	.	0	0	.	0	2	0	.	0	0	0	0	0	0	0	.	0	0	0	2	0	.	0	0	0	0	0	0	0	0	0	0	0	0	0	0	0	0	0	0	0	0	0	2	2	2	2	2	2	2	2	2	2	2	2	2	2	2	2	2	2	.	2
114111673	0	0	0	0	0	0	0	0	0	2	0	0	0	0	0	0	0	0	2	0	0	0	0	0	0	2	0	0	0	0	0	0	0	2	0	0	2	0	0	0	0	0	0	0	0	2	0	0	0	0	0	0	0	0	0	0	0	0	0	2	0	0	0	0	0	0	0	0	2	0	.	0	0	0	0	0	0	0	0	0	0	0	2	0	0	0	0	0	0	0	0	0	0	0	0	0	0	0	0	0	0	0	0	0	0	0	2	2	2	2	2	2	2	2	2	2	2	2	2	2	2	2	2	2	2	2
114111691	0	0	0	0	0	0	0	0	0	0	0	0	0	0	0	0	0	0	0	0	0	0	0	0	0	0	0	0	0	0	0	0	0	0	0	0	2	0	0	0	0	0	0	0	0	2	0	0	0	0	0	0	0	0	0	0	0	0	0	2	0	0	0	0	0	0	2	0	2	0	0	0	0	0	0	0	0	0	0	0	0	0	2	0	0	0	0	0	0	0	0	0	0	0	0	0	0	0	0	0	0	0	0	0	0	0	2	2	2	2	2	2	2	2	2	2	2	2	2	2	2	2	2	2	2	2
114281288	0	.	0	.	.	0	0	0	0	0	0	0	0	0	0	0	0	0	.	0	0	0	0	0	.	0	0	0	0	0	.	.	0	0	.	.	.	0	.	0	.	.	0	.	0	0	0	.	0	0	0	0	0	.	0	0	.	0	0	0	0	0	0	0	.	0	0	.	2	.	.	0	0	0	0	0	0	0	0	0	0	0	1	0	0	0	0	0	0	0	.	0	0	0	0	.	.	0	.	0	.	.	0	0	0	0	2	2	2	2	2	2	2	2	.	.	0	2	2	2	2	2	0	.	.	2
114281349	0	.	0	.	.	0	0	0	0	0	0	.	.	.	0	0	0	0	.	0	0	0	0	0	.	0	0	.	0	0	0	.	0	0	.	.	.	0	.	0	.	.	0	.	0	.	0	.	0	0	0	0	0	0	0	0	.	0	0	.	.	0	0	.	.	0	.	.	.	0	0	0	0	0	0	0	0	0	.	0	0	0	0	0	0	0	0	.	0	0	.	0	0	0	0	.	.	0	.	0	.	0	0	.	0	0	2	2	2	2	2	2	2	2	.	2	0	2	2	2	2	0	.	.	.	2
114281350	0	.	0	.	.	0	0	0	0	2	0	.	.	.	0	0	0	0	.	0	0	0	0	0	.	2	0	.	0	0	0	.	0	2	.	.	.	0	.	0	.	.	0	.	0	.	0	.	0	0	0	0	0	0	0	0	.	0	0	.	.	0	0	.	.	0	.	.	.	0	0	0	0	0	0	0	0	0	.	0	0	0	2	0	0	0	0	.	0	0	.	0	0	0	0	.	.	0	.	0	.	0	0	.	0	0	2	2	2	2	2	2	2	2	.	2	0	2	2	2	2	2	.	.	.	2
114389302	0	0	0	0	0	0	0	0	0	0	0	0	0	0	0	0	0	0	0	0	0	0	0	0	0	0	0	0	0	0	0	0	0	0	0	0	0	0	0	0	0	0	0	0	0	0	0	0	0	0	0	0	0	0	0	0	0	0	0	0	0	0	0	0	0	0	0	0	0	0	0	0	0	0	0	0	0	0	0	0	0	0	0	0	0	0	0	0	0	0	0	0	0	0	0	0	0	0	0	0	0	0	0	0	0	0	2	2	2	2	2	2	2	2	2	2	2	2	2	2	2	0	2	2	2	2
114389532	0	0	0	.	0	0	0	0	0	0	0	0	0	0	0	0	.	0	0	0	.	0	0	0	0	0	.	0	0	.	0	0	0	0	0	0	.	.	0	0	0	0	0	0	0	0	0	0	0	0	0	0	.	0	0	0	0	0	.	0	0	0	0	0	0	0	0	0	0	0	0	0	0	0	0	0	0	0	0	0	0	0	0	0	0	0	0	0	0	0	0	0	0	0	0	0	.	0	0	0	0	0	0	0	0	0	2	2	2	2	2	.	2	2	2	2	2	2	2	2	.	0	2	2	0	2
114406412	0	0	0	0	0	0	0	.	0	0	0	0	0	0	0	0	.	0	0	.	.	0	0	0	0	0	0	0	0	0	0	0	0	0	0	0	2	.	0	0	0	0	0	0	0	2	0	.	0	0	0	0	0	.	0	.	0	0	.	2	0	0	0	.	0	0	.	0	.	0	0	0	0	.	.	0	0	0	0	0	0	0	2	0	0	0	0	0	0	0	0	0	0	0	0	0	0	0	0	0	0	0	0	0	0	0	0	0	2	.	2	2	2	2	2	2	0	0	2	2	.	2	0	.	2	2
115407732	0	.	0	0	0	0	0	0	0	0	0	0	0	0	0	0	0	0	0	0	0	0	0	0	0	0	0	0	0	0	0	0	0	0	0	.	2	0	0	0	0	0	0	.	0	2	0	0	0	0	.	0	0	0	.	0	0	0	.	2	0	0	0	0	0	0	.	.	1	0	.	0	.	.	0	0	0	0	0	0	0	0	1	0	.	0	0	0	0	0	0	0	0	0	0	0	0	0	.	0	.	0	0	0	0	0	1	2	2	2	2	2	2	2	1	2	2	.	2	1	.	.	2	1	2	2
115826901	0	0	0	0	0	.	0	0	0	.	.	0	0	0	.	.	0	.	0	.	0	0	0	.	0	0	0	0	0	.	0	0	0	0	0	.	.	.	.	0	0	0	0	0	0	0	0	0	0	0	0	0	0	0	0	.	0	0	0	0	.	0	.	0	0	0	.	.	0	0	0	0	.	0	0	0	0	.	0	0	.	0	0	0	0	0	0	.	0	0	0	0	0	0	0	0	.	.	0	.	.	0	0	0	0	0	2	2	2	2	2	0	2	.	2	0	2	.	2	2	.	.	2	0	2	2
115826941	0	0	0	0	0	0	0	0	0	0	0	0	0	0	0	0	0	.	0	0	0	0	0	0	0	0	0	0	0	.	0	0	0	0	0	0	2	0	0	0	0	0	0	0	.	2	0	0	0	0	0	0	0	0	0	0	0	0	0	1	0	0	0	0	0	0	2	0	2	0	0	0	.	0	0	0	0	0	0	0	0	0	2	0	0	0	0	0	0	0	0	0	0	0	0	0	.	.	0	0	.	0	0	0	0	0	2	.	2	2	2	2	2	2	2	2	2	2	2	2	2	2	2	2	2	2
115827602	0	0	0	0	0	0	0	0	0	2	0	0	0	0	0	0	0	0	2	0	0	0	0	0	0	2	0	0	0	0	0	0	0	2	0	0	2	0	0	0	0	0	0	0	2	2	0	0	0	0	0	0	0	0	0	0	0	0	0	2	0	0	0	0	0	0	2	0	2	0	0	0	0	0	0	0	0	0	0	0	0	0	2	0	0	0	0	0	0	0	0	0	0	0	0	0	0	0	0	0	0	0	0	0	0	0	2	2	2	2	2	2	2	2	2	2	2	2	2	2	2	2	2	2	2	2
117651653	0	0	0	0	0	0	0	.	0	0	0	0	0	0	0	0	.	0	0	0	0	0	0	0	0	0	0	0	0	0	0	0	0	0	0	0	0	0	0	0	0	0	0	0	0	0	0	0	0	0	0	0	0	0	0	0	0	0	0	.	0	0	0	0	0	0	0	0	0	0	0	0	0	.	0	0	0	0	.	0	.	0	0	0	0	0	0	0	0	0	0	0	0	0	0	0	.	0	0	0	0	.	0	0	0	0	2	0	2	2	2	2	0	0	2	2	.	2	.	2	.	.	2	2	2	2
117651718	0	0	0	0	0	0	0	.	0	0	0	0	0	0	.	0	0	0	0	0	0	0	0	0	0	0	0	0	0	0	0	0	0	0	.	0	0	0	0	0	0	0	0	0	0	0	0	0	0	0	0	0	0	0	0	0	0	.	0	.	0	0	0	0	0	.	0	0	0	0	0	0	0	0	0	0	0	0	.	0	.	0	0	0	0	0	0	0	0	0	0	0	0	0	0	0	.	0	0	0	0	.	0	0	0	0	2	0	2	2	2	2	0	2	2	2	0	2	.	2	2	.	.	2	2	2
117651938	0	0	0	0	2	0	0	0	0	0	0	0	0	0	0	0	0	0	0	0	0	0	0	0	0	0	0	0	0	0	0	0	0	0	0	0	0	0	0	0	0	0	0	0	0	0	0	0	0	0	0	0	0	0	0	0	0	0	0	0	0	0	0	0	0	0	0	0	0	0	0	0	0	0	0	0	0	0	0	0	0	0	0	0	0	0	0	0	0	0	0	0	0	0	0	0	0	0	0	0	0	0	0	0	0	0	2	2	2	2	2	2	0	2	2	2	2	2	2	2	2	0	2	2	2	2
117651945	0	0	0	0	2	0	0	0	0	0	0	0	0	0	0	0	0	0	0	0	0	0	0	0	0	0	0	0	0	0	0	0	0	0	0	0	0	0	.	0	0	0	0	0	0	0	0	0	0	0	0	0	0	0	0	0	0	0	0	0	0	0	0	0	0	0	0	0	0	0	0	0	0	0	0	0	0	0	0	0	0	0	0	0	0	0	0	0	0	0	0	0	0	0	0	0	0	0	0	0	0	0	0	0	0	0	2	2	2	2	2	2	0	2	2	2	2	2	2	2	2	0	2	2	2	2
118053177	0	0	0	0	0	0	0	0	0	0	0	0	0	0	0	0	0	0	0	0	0	0	0	0	0	0	0	0	0	0	0	0	0	0	0	0	0	0	0	0	0	0	0	0	0	0	0	0	0	0	0	0	0	0	0	0	0	0	2	0	0	0	0	0	0	0	0	0	0	0	0	0	0	0	0	0	0	0	0	0	0	0	0	0	0	0	0	0	0	0	0	0	0	0	0	0	0	0	0	0	0	0	0	0	0	0	2	2	2	2	2	2	2	2	2	2	2	2	2	2	2	0	2	2	2	2
118053324	0	0	0	0	0	0	0	0	0	0	0	0	0	0	0	0	0	0	0	0	0	0	0	0	0	0	0	0	0	0	0	0	0	0	0	0	0	0	0	0	0	0	0	0	0	0	0	0	0	0	0	0	0	0	0	0	0	0	0	0	0	0	0	0	0	0	0	0	0	0	0	0	0	0	0	0	0	0	0	0	0	0	0	0	0	0	0	0	0	0	0	0	0	0	0	0	0	0	0	0	0	0	0	0	0	0	2	2	2	2	2	2	2	2	2	2	2	2	2	2	2	0	2	2	2	2
119300500	0	0	0	0	0	0	0	0	0	0	0	0	0	0	0	0	0	0	0	0	0	0	0	0	0	0	0	0	0	0	0	0	0	0	0	0	0	0	0	0	0	0	0	0	0	0	0	0	0	0	0	0	0	0	0	0	0	0	0	0	0	0	0	0	0	0	0	0	0	0	0	0	0	0	0	0	0	0	0	0	0	0	0	0	0	0	0	0	0	0	0	0	0	0	0	0	0	.	0	0	0	0	0	0	0	0	2	2	2	2	2	2	2	2	2	2	2	2	2	2	2	0	2	2	2	2
120520109	0	0	0	0	0	0	0	0	0	0	0	0	0	0	0	0	0	0	0	0	0	0	0	0	0	0	0	0	0	0	0	0	0	0	0	0	0	0	0	0	0	0	0	0	0	0	0	0	0	0	0	0	0	0	0	0	0	0	0	0	0	0	0	0	0	0	0	0	0	0	0	0	0	0	0	0	0	0	0	0	0	0	0	0	0	0	0	0	0	0	0	0	0	0	0	0	0	0	0	0	0	0	0	0	0	0	2	2	2	2	2	2	2	2	2	2	2	2	2	2	2	0	2	2	0	2
120520181	0	0	0	0	0	0	0	0	0	0	0	0	0	0	0	0	0	0	0	0	0	0	0	0	0	0	0	0	0	0	0	0	0	0	0	0	0	0	0	0	0	0	0	0	0	0	0	0	0	0	0	0	0	0	0	0	0	0	0	0	0	0	0	0	0	0	0	0	0	0	0	0	0	0	0	0	0	0	0	0	0	0	0	0	0	0	0	0	0	0	0	0	0	0	0	0	0	0	0	0	0	0	0	0	0	0	2	2	2	2	2	2	2	2	2	2	2	2	2	2	2	0	2	2	2	2
121704206	0	.	0	0	0	0	0	0	0	0	.	0	0	0	0	0	0	0	0	0	0	0	0	0	0	0	0	0	0	0	0	0	0	0	0	0	.	.	0	0	0	0	0	0	0	2	0	0	0	0	0	0	0	0	0	.	0	0	0	0	0	0	0	0	0	0	0	0	0	0	.	0	0	0	0	0	0	0	0	.	0	0	2	0	0	0	0	0	0	0	0	0	0	0	0	0	0	0	0	0	0	0	0	0	0	0	2	2	2	2	2	2	1	0	1	2	2	2	2	.	0	2	2	2	2	2
121946990	0	0	0	0	0	0	0	0	0	0	0	0	0	2	0	0	0	0	0	.	0	0	0	0	.	0	0	0	0	.	0	0	0	0	0	0	0	0	.	0	0	0	0	0	0	0	0	0	0	0	0	0	0	0	0	0	0	0	.	0	0	0	0	0	0	0	.	0	0	0	0	0	0	0	0	0	0	0	0	0	0	0	0	0	0	0	0	0	0	0	2	0	0	0	0	0	0	0	0	0	0	0	0	0	0	0	2	2	2	2	2	2	2	2	2	2	2	2	2	2	2	0	2	2	2	2
122029207	0	0	0	0	0	0	0	0	0	0	0	0	0	0	0	0	0	0	0	0	0	0	0	0	0	0	0	0	0	0	0	0	0	0	0	0	0	0	0	0	0	0	0	0	0	0	0	0	0	0	0	0	0	0	0	0	0	0	0	0	0	0	0	0	0	0	0	0	0	0	0	0	0	0	0	0	0	0	0	0	0	0	0	0	0	0	0	0	0	0	0	0	0	0	0	0	0	0	0	0	0	0	0	0	.	0	2	2	0	2	2	2	2	2	2	2	0	2	2	2	2	0	2	0	2	2
122029353	0	0	0	0	0	0	0	0	0	0	0	0	0	0	0	0	0	0	0	0	0	0	0	0	0	0	0	0	0	0	0	0	0	0	0	0	0	0	0	0	0	0	0	0	0	0	0	0	0	0	0	0	0	0	0	0	0	0	0	0	0	0	0	0	0	0	0	0	0	0	0	0	0	0	0	0	0	0	0	0	0	0	0	0	0	0	0	0	0	0	0	0	0	0	0	0	0	0	0	0	0	0	0	0	0	0	2	2	0	2	2	2	2	2	2	2	2	2	2	2	0	0	2	2	2	2
122030988	.	.	.	.	0	0	0	.	0	0	0	0	0	.	.	0	.	0	.	0	0	.	0	0	0	0	.	.	.	.	0	0	0	0	0	.	.	.	.	0	0	0	.	0	0	0	0	.	0	0	0	0	0	0	0	0	.	.	0	.	.	.	0	0	0	0	.	.	.	0	.	0	0	.	0	0	.	0	0	.	0	.	0	0	0	0	0	.	.	.	0	0	.	.	0	.	.	.	0	.	0	.	0	0	0	0	.	2	.	0	2	2	2	.	.	.	.	2	2	2	.	.	2	2	.	2
122399045	0	0	0	.	0	0	0	.	0	0	.	.	.	.	.	.	0	0	0	0	0	0	0	.	.	0	.	0	0	0	.	0	0	0	0	.	0	0	0	0	0	0	0	0	0	0	0	.	.	.	0	0	0	0	0	.	.	0	.	0	0	0	0	0	0	0	.	.	.	.	0	.	.	.	0	0	.	0	.	.	.	0	.	0	.	.	.	.	.	0	0	.	.	0	0	0	.	0	.	0	.	0	.	0	0	.	0	2	.	2	2	2	2	2	2	2	.	2	.	2	.	.	.	2	.	2
122443102	0	0	0	0	0	0	0	0	0	0	0	0	0	0	0	0	0	0	0	0	0	0	0	2	2	2	2	2	2	2	2	2	2	2	2	2	2	2	2	2	2	2	2	2	2	2	2	2	2	2	2	2	2	2	2	2	2	2	2	2	2	2	2	2	2	1	2	2	1	2	2	2	2	2	2	2	1	1	1	2	1	1	1	1	1	1	1	2	1	1	1	1	1	1	1	1	1	1	1	1	1	1	1	1	1	1	0	0	0	0	0	0	0	0	2	2	2	2	2	2	2	1	2	2	2	2
123909761	0	.	0	0	0	0	0	.	0	0	0	0	0	0	0	0	0	0	0	0	0	0	0	2	2	2	2	2	2	2	2	2	2	2	2	2	0	2	2	2	2	2	2	2	2	0	2	2	.	0	2	2	2	2	2	2	2	2	2	2	2	2	0	2	2	2	2	.	2	2	0	2	2	2	2	2	1	1	1	1	1	1	2	1	1	1	1	.	1	.	2	1	1	1	1	1	1	1	1	1	1	.	1	1	1	1	0	0	0	0	0	0	.	0	0	2	2	2	2	2	2	2	2	2	2	2
123909840	0	0	0	0	0	0	0	0	0	0	0	0	0	0	0	0	0	0	0	0	0	0	0	2	2	2	2	2	2	2	2	2	2	2	2	2	0	2	2	2	2	2	2	2	2	0	2	2	2	2	2	2	2	2	2	2	2	2	2	2	2	2	2	2	2	2	2	2	2	2	2	2	2	2	2	2	1	1	1	1	1	1	2	1	1	2	1	1	1	1	1	2	2	1	1	1	1	1	1	1	1	1	1	1	1	1	0	0	0	0	0	0	0	0	2	2	2	2	2	2	2	2	2	2	2	2
123910164	0	0	0	0	0	0	0	0	0	0	0	0	0	0	0	0	0	0	0	0	0	0	0	2	2	2	2	2	2	2	2	2	2	2	2	2	0	2	2	2	2	2	2	2	2	0	2	2	2	2	2	2	2	2	2	2	2	2	2	2	2	2	2	2	2	2	2	2	2	2	2	2	2	2	2	2	1	1	1	1	1	1	2	1	1	1	1	2	1	1	1	1	1	1	1	1	1	1	1	1	1	1	1	1	1	2	0	0	0	0	0	0	0	0	2	2	2	2	2	2	2	2	2	2	2	2
123910234	0	0	0	0	0	.	0	0	0	0	0	0	0	0	0	0	0	0	0	0	0	0	0	2	2	2	2	2	2	2	2	2	2	2	2	2	0	2	2	2	2	2	2	2	2	0	2	2	2	2	2	2	2	2	2	2	2	2	2	2	2	2	2	2	2	2	2	2	2	2	0	2	2	2	2	2	1	1	1	1	1	1	2	1	1	1	1	2	1	1	1	1	2	1	1	1	1	1	1	1	1	.	1	1	1	1	0	0	0	0	0	0	0	0	2	2	2	2	2	2	2	2	2	2	2	2
123910235	0	0	0	0	0	.	0	0	0	0	0	0	0	0	0	0	0	0	0	0	0	0	0	0	0	0	0	0	0	0	0	0	0	0	0	0	0	0	0	0	0	0	0	0	0	0	0	0	0	0	0	0	0	0	0	0	0	0	0	0	0	0	0	0	0	0	0	0	0	0	0	0	0	0	0	0	0	0	0	0	0	0	0	0	0	0	0	0	0	0	0	0	0	0	0	0	0	0	0	0	0	.	0	0	0	0	2	2	2	2	2	2	2	2	2	2	2	2	2	2	2	0	2	2	2	2
123910272	0	0	0	0	0	0	0	0	0	0	0	0	0	0	0	0	0	0	0	0	0	0	0	2	2	2	2	2	2	2	2	2	2	2	2	2	0	2	2	2	2	2	2	2	2	0	2	2	0	2	2	2	2	2	2	2	2	2	2	2	2	2	2	2	2	2	2	2	2	2	0	2	0	2	2	2	1	1	1	1	1	1	2	1	1	1	1	2	1	1	1	1	2	1	1	1	1	1	1	1	1	.	1	1	1	1	0	0	0	0	0	0	0	0	2	2	2	2	2	2	2	2	2	2	2	2
123910357	0	0	0	0	0	0	0	0	0	0	0	0	0	0	0	0	0	0	0	0	0	0	0	2	2	2	2	2	2	2	2	2	2	2	2	2	0	2	2	2	2	2	2	2	2	0	2	2	2	2	0	2	0	2	2	2	2	2	2	2	2	2	2	2	2	2	0	2	.	2	.	2	0	2	2	2	1	1	2	1	1	1	2	1	1	1	1	2	1	2	1	1	2	1	1	1	1	1	1	1	.	.	1	1	1	1	0	0	2	0	0	0	0	0	2	2	2	2	.	2	2	2	1	2	.	2
123910379	0	0	0	0	0	0	0	0	0	0	0	0	0	0	0	0	0	0	0	0	0	0	0	2	2	2	2	2	2	2	2	2	2	2	2	2	2	2	2	2	2	2	2	2	2	2	2	2	2	2	2	2	2	2	1	2	2	2	2	2	2	2	2	2	2	.	.	2	.	2	.	2	0	2	2	2	1	1	2	1	1	1	1	1	1	1	1	2	1	1	1	1	2	1	1	1	1	1	1	1	.	.	1	1	1	1	0	0	0	0	0	0	0	0	2	2	2	2	.	2	2	.	.	2	.	2
124603095	.	.	0	0	0	0	0	0	0	0	0	0	.	0	0	0	0	0	0	0	.	0	0	0	0	0	.	0	0	0	.	0	.	0	0	0	.	.	.	0	0	0	0	0	.	0	0	0	0	0	0	0	0	0	0	2	0	.	.	.	0	0	0	0	.	.	0	0	.	.	0	.	0	0	0	0	0	0	0	0	0	0	.	.	0	0	0	0	0	.	.	0	0	0	.	.	0	0	0	0	.	0	0	.	0	0	2	2	2	0	2	.	2	2	2	2	2	2	2	2	.	0	2	2	0	2
124603334	0	0	0	0	0	0	0	0	0	0	0	0	0	0	0	0	0	0	0	0	0	0	0	2	2	2	2	2	2	2	2	2	2	2	2	2	0	2	2	2	2	2	2	0	2	0	2	2	2	2	2	2	2	2	2	2	2	2	2	2	.	2	2	2	2	2	2	2	1	2	2	2	2	2	2	2	1	1	1	1	1	1	1	2	2	1	1	1	1	1	1	1	2	1	1	1	1	1	1	1	1	1	1	1	1	1	0	0	0	0	0	0	0	0	2	2	2	2	2	2	2	1	2	2	2	2
124603707	0	0	0	0	0	0	0	0	0	0	0	0	0	0	0	0	0	0	0	0	0	0	0	2	2	2	2	2	2	2	2	2	2	2	2	2	0	2	2	2	2	2	2	2	2	0	2	2	2	2	2	2	2	2	2	2	2	2	2	2	2	2	2	2	2	2	2	2	2	2	2	2	2	2	2	2	1	1	1	1	1	1	1	1	2	2	1	2	1	2	2	2	2	1	1	2	1	1	1	2	1	1	2	1	1	1	0	0	0	0	0	0	0	0	2	2	2	2	2	2	2	1	2	2	2	2
124603717	0	0	0	0	0	0	0	0	0	0	0	0	0	0	0	0	0	0	0	0	0	0	0	0	0	0	0	0	0	0	0	0	0	0	0	0	0	0	0	0	0	0	0	0	0	0	0	0	0	0	0	0	0	0	0	0	0	0	0	0	0	0	0	0	0	0	0	0	0	0	0	0	0	0	0	0	0	0	0	0	0	0	0	0	0	0	0	0	0	0	0	0	0	0	0	0	0	0	0	0	0	0	0	0	0	0	2	2	2	2	2	2	2	2	2	2	2	2	2	2	2	0	2	2	2	2
124604064	2	0	0	0	0	0	0	0	0	0	0	0	0	0	0	0	0	0	0	0	0	0	0	2	2	2	2	2	2	2	2	2	2	0	2	2	0	2	2	2	2	2	2	2	2	0	2	2	2	2	2	2	0	2	2	2	2	2	.	.	2	2	2	2	2	2	2	2	1	2	2	2	2	1	2	2	1	1	1	1	1	1	1	2	2	1	1	1	1	.	1	1	1	1	1	1	1	1	1	1	1	1	1	1	1	1	0	0	0	0	0	0	2	0	2	2	2	2	2	2	1	.	2	2	2	1
125732647	0	0	0	0	0	0	0	0	0	0	0	0	0	.	.	0	0	0	0	0	.	0	0	2	2	2	2	.	2	2	2	2	2	2	2	2	0	2	2	2	2	2	2	2	2	0	2	2	2	2	2	2	2	2	1	0	.	2	0	2	2	2	2	2	2	2	.	.	2	2	2	2	.	2	2	2	.	1	1	1	1	1	.	1	2	1	1	1	.	1	1	1	1	.	1	1	1	1	1	1	1	1	1	1	1	1	0	0	0	0	0	0	.	0	2	2	2	2	2	2	2	2	2	2	2	2
125732667	0	0	0	0	0	0	0	0	0	0	0	0	0	0	.	0	0	0	0	0	0	0	0	2	2	2	2	.	2	2	2	2	2	2	2	2	2	2	2	2	2	2	2	2	2	2	2	2	2	2	2	2	2	2	1	2	.	2	0	2	2	2	2	2	2	2	.	.	1	2	2	2	0	2	2	2	1	1	1	1	1	1	1	1	1	1	1	1	1	1	1	1	1	.	1	1	1	1	1	1	.	1	1	1	1	1	0	0	0	0	0	0	0	0	2	2	2	2	2	2	2	1	2	2	2	2
125732698	0	0	0	0	0	0	0	0	0	0	0	0	0	0	.	0	0	0	0	0	0	0	0	2	2	2	2	2	2	2	2	2	2	2	2	2	0	2	2	2	2	2	2	2	2	0	2	2	2	2	2	2	2	2	2	0	0	2	2	2	2	2	2	2	2	2	.	2	2	2	2	2	2	2	1	2	.	1	1	1	1	1	2	1	1	1	1	1	1	1	1	1	1	1	1	1	1	1	1	1	1	1	1	1	1	1	0	0	0	0	0	0	0	0	.	2	2	2	2	2	1	2	2	2	2	2
125732754	0	0	0	0	0	0	0	0	0	0	0	0	0	0	0	0	0	0	0	0	0	0	0	0	0	0	0	0	0	0	0	0	0	0	0	.	0	0	0	0	0	0	0	0	0	0	0	0	0	0	0	0	0	0	0	0	0	0	0	0	0	0	0	0	0	0	0	0	0	0	0	0	0	0	0	0	0	0	0	0	0	0	0	0	0	0	0	0	0	0	0	0	0	0	0	0	0	0	0	0	0	0	0	0	0	0	2	2	2	2	2	2	2	2	1	2	2	2	2	2	0	0	2	2	2	2
125732779	0	0	0	0	0	0	0	0	0	0	0	0	0	0	0	0	0	0	0	0	0	0	0	2	2	2	2	2	2	2	2	2	2	2	2	.	0	1	2	2	2	2	2	2	2	0	2	2	2	2	2	2	2	2	2	2	2	2	2	2	2	2	2	2	2	2	2	2	2	2	2	2	2	2	2	2	1	1	1	1	1	1	2	1	2	1	1	2	1	1	1	1	1	1	1	1	1	1	1	1	1	1	1	1	1	1	0	0	0	0	0	0	0	0	0	2	2	2	2	2	2	2	2	2	2	2
125732788	0	0	0	0	0	0	0	0	0	0	0	0	0	0	0	0	0	0	0	0	0	0	0	2	2	2	2	2	2	2	2	2	2	2	2	.	0	1	2	2	2	2	2	2	2	0	2	2	2	2	2	2	2	2	2	2	2	2	2	2	2	2	2	2	2	2	2	2	2	2	2	2	2	2	2	2	1	1	1	1	1	1	2	1	2	1	1	2	1	1	1	1	1	1	1	1	1	1	1	1	1	1	1	1	1	1	0	0	0	0	0	0	0	0	0	2	2	2	2	2	2	2	2	2	2	2
125733388	0	.	0	0	.	0	0	0	0	0	0	0	.	0	.	0	.	0	.	0	0	.	0	0	.	0	.	.	0	0	0	0	.	0	0	.	.	0	.	0	0	0	0	0	0	0	0	0	0	0	0	.	.	0	0	.	0	0	.	0	0	0	0	0	.	0	.	.	.	.	.	0	.	.	.	0	.	0	.	0	0	.	0	.	0	.	0	0	0	0	0	0	0	0	0	0	0	0	0	0	.	.	0	0	0	0	2	.	.	2	2	.	2	2	2	0	2	0	0	2	1	0	2	2	.	2
126042862	0	0	0	0	0	0	0	0	0	0	0	0	.	0	0	0	0	0	0	0	0	0	0	2	2	2	2	2	2	2	2	2	2	2	2	2	2	2	2	2	2	2	2	2	2	2	2	2	.	2	2	2	2	2	2	2	2	2	2	2	2	2	2	2	2	2	2	2	1	2	2	2	2	2	2	2	1	1	1	1	1	1	1	.	2	1	1	1	1	1	1	1	1	1	1	1	1	1	1	1	1	1	1	1	1	1	.	0	0	0	0	0	0	0	2	2	2	0	2	2	2	1	2	0	2	2
126523064	0	0	0	.	0	0	0	0	0	0	0	0	0	.	0	0	0	0	0	0	0	0	0	0	2	2	2	2	2	2	2	0	2	2	2	.	.	.	2	2	2	2	.	2	.	2	.	2	2	2	2	.	.	2	2	2	2	2	2	2	2	2	0	1	.	.	0	2	1	0	0	.	2	2	2	2	1	1	1	1	1	1	1	1	.	1	2	1	.	1	1	1	2	1	1	1	1	1	1	1	1	1	1	1	1	1	0	0	0	0	0	0	0	0	2	2	.	0	2	2	.	1	2	.	0	2
126523668	0	.	0	0	0	0	0	0	0	0	0	0	.	.	0	0	.	0	0	0	0	0	0	.	0	0	.	0	0	0	0	0	0	.	.	0	.	.	0	.	0	0	0	0	.	0	0	0	.	0	0	0	0	0	0	0	0	0	.	.	.	.	0	0	.	.	.	0	0	0	.	0	0	.	0	0	0	0	0	0	0	0	0	0	.	0	0	0	.	0	0	0	.	.	0	0	0	0	.	0	.	0	0	.	0	0	2	2	2	2	2	2	2	2	.	2	2	2	0	2	.	0	2	0	.	2
126580751	0	0	0	0	0	0	0	0	0	0	0	0	0	0	0	0	0	0	0	0	0	0	0	2	2	2	2	2	2	2	2	2	2	2	2	2	0	2	2	2	2	2	2	2	2	0	2	2	2	2	2	2	2	2	2	2	2	2	2	2	2	2	2	2	2	2	2	2	2	2	2	2	2	2	2	2	1	1	1	1	1	1	2	1	1	1	1	2	2	1	1	1	1	1	1	1	.	1	1	1	1	1	1	1	1	1	0	0	0	0	0	0	0	0	2	2	2	2	2	2	2	2	2	2	2	2
126693659	0	0	0	0	0	0	0	0	0	.	0	0	0	0	.	0	.	.	0	.	0	.	0	0	.	0	.	.	0	0	0	.	0	0	0	0	0	0	.	0	0	0	0	0	.	.	0	0	.	0	0	0	.	0	.	0	0	.	.	0	0	0	0	.	.	0	0	0	.	0	0	.	.	0	.	0	0	0	0	0	0	0	0	0	0	0	0	0	.	0	.	0	0	0	0	0	.	0	.	0	.	0	0	0	0	0	.	2	2	2	2	2	0	.	2	2	.	.	.	.	.	.	2	2	2	2
126693841	0	0	0	0	0	0	0	0	0	0	0	0	0	0	0	0	0	0	2	0	.	.	0	2	2	2	1	2	2	2	2	2	2	2	2	2	2	.	2	2	2	2	2	2	2	.	2	2	1	2	2	2	0	0	2	2	2	2	2	2	2	0	2	.	2	2	2	0	.	2	0	2	2	.	2	2	.	2	1	1	1	1	1	1	1	1	1	1	.	1	1	1	1	1	1	1	.	1	1	1	1	1	1	1	1	1	0	0	0	0	0	0	0	0	0	2	2	2	0	2	2	.	2	2	.	2
131050217	0	0	0	0	0	0	0	0	0	0	0	0	0	0	0	0	0	0	0	0	0	0	0	2	2	2	2	2	2	2	2	.	2	2	2	2	0	2	2	2	2	2	2	2	2	0	2	2	2	2	2	2	2	2	2	2	2	2	2	2	2	2	2	2	2	2	2	2	.	2	2	2	2	0	2	2	1	1	1	1	1	1	2	1	2	1	1	.	1	1	1	1	1	1	1	1	1	1	1	1	1	1	1	1	1	1	0	0	0	0	0	0	0	0	2	2	2	2	2	2	2	2	2	2	2	2
131050268	0	0	0	0	0	0	0	0	0	0	0	0	0	0	0	0	0	0	0	0	0	0	0	0	0	0	0	0	0	0	0	0	0	0	0	0	0	0	0	0	0	0	0	0	0	0	0	0	0	0	0	0	0	0	0	0	0	0	0	0	0	0	0	0	0	0	0	0	0	0	0	0	0	0	0	0	0	0	0	0	0	0	0	0	0	0	0	0	0	0	0	0	0	0	0	0	0	0	0	0	0	0	0	0	0	0	2	2	2	2	2	2	2	2	2	2	2	2	2	2	2	0	2	2	2	2
131645199	0	.	0	.	0	0	0	0	0	0	0	.	0	0	.	0	0	0	0	0	.	0	0	0	0	0	0	0	0	0	0	0	0	0	.	0	0	0	0	0	0	0	0	0	0	0	0	0	0	0	.	.	0	0	0	0	0	0	0	.	0	0	0	0	0	0	0	.	0	0	0	0	0	0	0	0	.	0	0	0	0	0	0	0	0	0	0	.	0	0	.	0	0	.	0	0	0	0	0	0	0	0	0	0	0	0	.	0	2	2	2	2	2	2	2	2	2	2	2	2	.	.	2	.	2	2
132042536	0	0	0	0	0	0	0	.	0	0	0	0	.	0	.	0	.	0	0	0	.	0	0	2	2	2	2	2	2	2	2	.	2	2	2	2	2	2	2	2	2	2	2	2	2	2	2	2	2	2	2	2	.	2	.	2	2	.	2	.	2	2	2	2	2	1	0	2	.	.	.	2	.	.	.	2	1	1	1	1	1	1	1	1	1	1	1	.	.	2	1	1	2	1	1	1	1	.	1	1	.	1	1	1	1	2	0	0	0	0	0	.	0	0	2	2	2	2	2	2	.	1	.	.	2	2
132164862	0	0	0	0	0	0	0	0	0	0	0	0	0	0	0	0	0	0	0	0	0	0	0	2	2	2	2	2	2	2	2	2	2	2	2	2	2	2	2	2	2	2	2	2	2	2	2	2	2	2	2	2	2	2	2	2	2	2	2	2	2	2	2	2	2	2	2	2	1	2	2	2	2	2	2	2	1	1	1	1	1	1	1	1	2	1	1	1	1	1	1	1	1	1	1	1	1	1	1	1	2	1	1	1	1	1	0	0	0	0	0	0	0	0	2	2	2	2	2	2	2	1	2	2	2	2
132337941	0	0	0	0	0	0	0	0	0	0	0	0	0	0	0	0	0	0	0	0	0	0	0	.	.	.	.	0	0	0	0	.	0	.	0	.	2	.	0	0	0	0	0	0	.	1	.	0	.	0	0	0	0	0	0	0	0	.	.	0	0	0	0	0	0	0	0	.	1	2	.	0	0	0	0	0	.	.	.	.	.	.	.	.	.	.	.	.	.	.	.	.	.	.	.	.	.	.	.	.	.	.	.	.	.	.	2	2	.	2	2	2	2	2	1	1	.	1	.	1	1	.	1	1	1	1
133576088	0	0	0	0	0	0	0	0	0	0	0	0	0	0	0	0	0	0	0	0	0	.	0	0	0	0	0	0	0	0	0	.	0	0	0	0	0	.	0	0	0	0	0	0	0	0	0	0	0	.	.	0	0	0	0	0	0	0	0	0	0	0	0	0	0	0	0	.	0	0	.	0	0	0	0	0	.	.	.	.	.	.	0	.	0	.	.	.	.	.	.	.	.	.	.	.	.	.	.	.	.	.	.	.	.	0	2	0	2	2	2	2	2	2	1	1	.	.	2	2	1	0	1	1	.	1
133576123	0	0	0	0	0	0	0	0	0	0	0	0	0	0	0	0	0	0	0	0	0	0	0	0	0	0	0	0	.	0	0	.	0	0	0	0	0	.	.	0	0	0	0	0	0	0	0	0	0	0	0	0	0	0	0	0	0	0	0	.	0	.	0	0	0	0	0	.	0	0	0	0	0	0	.	0	.	.	.	.	.	.	0	.	0	0	.	.	.	.	.	.	.	.	.	.	.	.	.	.	.	.	.	.	.	0	2	0	2	2	2	2	0	2	1	1	.	.	1	2	.	0	2	1	.	1
136734392	0	.	0	0	0	0	0	.	0	0	.	0	0	0	.	.	.	0	0	0	0	.	.	.	0	.	0	.	.	.	0	.	0	.	0	.	0	0	0	0	0	.	0	0	0	.	0	0	.	.	.	.	0	0	0	.	0	0	.	.	0	0	0	0	0	0	.	0	.	0	.	.	0	0	0	0	.	.	.	.	.	0	0	.	.	0	.	.	.	.	0	2	0	.	0	.	.	.	.	.	.	.	.	0	0	0	2	2	2	2	2	2	2	.	2	.	2	1	.	2	2	.	2	2	.	2
137860224	0	0	0	0	0	0	0	0	0	0	0	0	0	0	0	0	0	0	0	.	0	0	0	0	0	0	0	0	0	0	0	0	0	0	0	0	0	0	0	0	0	0	0	0	0	0	0	0	0	0	0	0	0	0	0	0	0	0	0	0	0	0	0	0	0	0	.	0	0	0	0	0	0	0	0	0	0	0	0	0	0	0	0	0	0	0	0	0	0	0	0	0	0	0	0	0	0	0	0	0	0	0	0	0	0	0	2	2	2	2	2	1	2	1	2	2	2	2	2	2	2	0	2	2	2	2
137860594	0	0	0	0	0	.	0	0	0	.	0	0	0	.	0	0	0	.	0	.	0	.	0	0	0	0	0	.	0	0	0	0	0	0	0	0	0	.	0	0	.	0	0	0	.	0	0	0	0	0	0	0	.	0	0	0	0	0	0	0	0	0	0	0	0	.	.	0	0	0	.	0	.	.	0	0	0	0	0	0	0	0	.	0	.	0	0	0	0	.	0	0	0	0	0	0	.	.	0	0	.	0	0	0	0	0	2	2	2	2	0	1	2	.	0	2	2	2	2	2	2	.	2	.	2	2
138372152	0	0	0	0	0	0	0	0	0	0	0	0	0	0	0	0	0	0	0	0	0	0	0	0	0	0	.	0	0	0	0	0	0	0	0	0	0	.	.	0	0	0	0	0	0	0	0	.	0	0	0	0	0	0	0	0	0	0	0	0	0	0	0	0	0	0	0	.	0	0	0	0	0	0	0	0	0	.	0	0	0	0	0	0	0	0	0	0	0	0	0	2	0	0	0	0	.	0	0	0	0	0	0	0	0	0	2	.	0	2	2	2	2	2	2	.	2	2	2	2	2	0	2	2	2	2
138597255	0	.	.	.	0	.	0	0	0	0	0	0	0	0	.	0	.	.	0	0	0	0	0	0	.	.	.	.	0	.	0	.	0	0	0	.	0	.	.	0	.	0	0	0	0	.	0	0	0	0	0	.	0	0	.	0	0	.	0	.	0	.	.	.	.	.	.	.	0	.	.	0	0	.	0	0	0	.	.	0	0	.	.	.	.	0	0	.	.	0	0	.	0	0	0	0	0	0	.	0	.	0	0	.	0	0	2	.	.	2	2	2	2	2	1	2	.	2	.	2	2	0	.	2	2	2
139267396	.	0	0	0	0	.	0	0	0	0	0	0	0	0	.	.	.	.	0	0	0	0	0	.	0	.	0	.	0	0	0	.	0	0	.	0	0	.	.	0	0	.	0	0	0	.	.	0	0	.	0	0	0	.	0	.	0	0	0	.	0	.	.	0	.	0	.	.	0	0	.	0	0	0	0	0	.	.	0	0	0	0	0	0	0	0	0	.	0	0	0	0	0	0	0	0	0	0	.	0	0	.	.	0	0	0	2	2	0	2	.	2	.	2	.	.	2	.	.	2	.	.	0	2	.	2
139949071	0	0	2	0	0	0	0	0	0	0	0	0	0	0	0	0	0	0	0	0	0	0	0	2	2	2	2	2	2	2	2	2	2	2	2	2	0	2	2	2	2	2	2	2	2	0	2	2	2	2	2	2	0	2	2	2	2	2	2	2	2	2	2	2	2	2	2	2	2	2	2	2	2	2	2	2	1	1	1	1	1	1	2	1	1	1	1	1	1	1	1	1	1	1	1	1	1	1	1	1	1	1	1	1	1	1	0	0	0	0	0	0	0	0	2	2	2	2	2	2	2	2	2	2	2	2
140634751	0	0	0	0	.	0	0	0	0	0	0	0	0	0	0	0	0	0	0	0	0	0	0	0	.	.	.	.	0	0	0	.	0	0	0	0	0	.	.	0	.	0	0	.	.	0	0	.	0	.	0	.	0	0	.	0	0	.	.	.	.	0	.	.	0	.	.	.	.	.	.	.	0	.	0	0	.	.	.	.	.	.	0	.	.	.	.	.	.	.	.	.	.	.	.	.	.	.	.	.	.	.	.	.	.	.	2	0	2	2	.	2	2	2	1	2	1	1	2	1	1	.	1	2	.	1
143054865	0	0	0	0	.	0	0	0	0	0	0	0	0	0	0	0	0	0	0	0	0	0	0	0	0	0	0	0	0	0	0	0	0	0	0	0	0	2	0	0	0	0	0	0	0	0	0	0	0	0	0	0	0	0	0	0	0	0	0	0	0	0	0	0	0	.	0	0	0	0	0	0	0	0	0	0	0	0	0	0	0	0	0	0	0	0	0	0	.	0	0	0	0	0	0	0	0	0	0	0	0	0	0	0	0	0	2	2	2	2	2	0	2	2	2	0	2	0	2	2	2	0	0	2	0	2
143055518	0	0	0	0	0	0	0	0	0	2	0	0	0	0	0	0	2	0	2	0	0	0	0	0	0	0	2	0	0	0	0	0	0	2	0	0	0	2	0	0	0	0	0	0	0	2	0	0	0	0	0	0	.	0	.	0	0	0	0	0	0	0	0	0	0	.	0	0	0	0	0	.	0	0	0	0	0	0	0	0	0	0	0	0	0	0	0	0	0	0	0	0	0	0	0	0	0	0	0	0	0	.	0	0	0	0	2	2	2	2	2	0	2	2	.	2	2	2	2	2	.	0	2	2	2	2
143234823	0	0	0	0	0	0	0	0	0	0	0	0	0	0	0	0	0	0	0	0	0	0	0	2	.	2	.	2	2	2	2	2	2	2	2	2	.	.	2	2	2	2	2	.	2	2	2	2	2	2	2	2	0	2	2	2	.	2	2	0	2	0	2	.	2	2	.	.	1	2	.	2	.	2	2	2	1	1	.	1	1	1	1	1	.	1	1	.	1	.	1	.	1	1	1	1	1	1	1	1	1	1	1	1	1	2	0	0	0	0	0	0	0	0	2	2	2	0	2	2	2	.	2	2	.	0
143234851	0	0	0	0	0	0	0	0	0	0	0	0	0	0	0	0	0	0	0	0	0	0	0	0	.	0	.	0	0	0	0	.	0	0	0	0	0	.	0	0	0	0	0	.	0	0	0	0	0	0	0	0	0	0	0	0	0	0	0	.	0	0	0	0	0	0	0	.	0	0	0	0	0	0	0	0	0	0	0	.	0	0	0	0	.	0	0	0	0	0	0	.	.	0	0	0	0	0	0	0	.	0	0	0	0	0	2	2	2	2	2	2	2	2	2	2	2	2	2	2	.	.	2	2	.	1
143234853	1	1	2	2	1	1	1	1	1	1	2	1	1	1	1	1	1	1	1	1	1	1	1	1	.	2	.	2	2	2	2	.	2	2	2	2	1	.	2	2	2	2	2	.	2	1	2	2	2	2	2	2	2	2	2	0	2	2	2	.	2	2	2	2	2	2	2	.	0	2	2	2	2	2	2	2	0	0	0	.	.	0	2	0	.	0	0	0	0	0	0	0	.	0	0	0	0	0	0	0	.	0	0	0	0	0	1	1	1	1	1	1	1	1	2	2	2	2	2	2	.	.	2	2	.	2
143234895	0	0	0	0	0	0	0	0	0	0	0	0	0	0	0	0	0	0	0	0	0	0	0	0	.	0	0	0	0	0	0	0	0	0	0	0	0	.	0	0	0	0	0	0	0	0	0	0	0	0	0	0	0	0	0	0	0	0	0	.	0	0	0	0	0	0	0	.	0	0	0	0	0	0	0	0	0	0	0	0	0	0	0	0	0	0	0	0	0	0	0	0	0	0	0	0	0	0	0	0	0	0	0	0	0	0	2	2	2	2	2	2	2	2	2	2	2	2	2	2	.	.	2	2	2	1
143235015	0	0	0	0	0	0	0	0	0	0	0	0	0	0	0	0	0	0	0	0	0	0	0	0	0	0	0	0	0	0	0	0	0	0	0	0	0	.	0	0	0	0	0	0	0	0	0	0	0	0	0	0	0	0	0	0	0	0	0	0	0	0	0	0	0	0	0	0	0	0	0	0	0	0	0	0	0	0	.	0	0	0	0	0	0	0	.	0	0	0	0	.	0	0	0	0	.	.	0	.	0	.	0	0	0	0	2	2	2	2	2	2	2	2	.	2	2	.	2	2	.	.	2	2	0	.
143799022	0	0	0	0	0	0	0	0	0	0	0	0	0	0	0	0	0	0	0	0	0	0	0	2	2	2	2	2	2	2	2	2	2	2	2	2	2	2	2	2	2	2	2	2	2	2	2	2	2	2	2	2	0	2	2	2	2	2	2	2	2	2	2	2	2	2	2	2	1	2	2	2	2	0	2	2	1	1	1	2	1	1	1	1	1	1	1	1	1	1	1	1	1	1	1	1	1	1	1	1	1	1	1	1	1	1	0	0	0	0	0	0	0	0	2	2	2	2	2	2	2	1	2	2	2	2
143799169	0	0	0	0	0	0	0	2	0	0	0	0	0	0	0	0	0	0	0	0	0	0	0	2	2	2	2	2	2	2	2	2	2	2	2	2	2	2	2	2	2	2	2	2	2	2	2	2	2	2	2	2	0	2	2	2	2	2	2	2	2	2	2	2	2	2	2	2	1	2	2	2	2	2	2	2	1	1	1	2	1	1	1	1	2	1	1	2	1	1	1	1	1	1	1	1	1	1	1	1	1	1	1	1	1	1	0	0	0	0	0	0	0	0	2	2	2	2	2	2	2	1	2	2	2	2
143799191	0	0	0	0	0	0	0	2	0	0	0	0	0	0	0	0	0	0	0	0	0	0	0	2	2	2	2	2	2	2	2	2	2	2	2	2	0	2	2	2	2	2	2	2	2	0	2	2	2	2	2	2	0	2	2	2	2	2	2	2	2	2	2	2	2	2	2	2	2	2	2	2	2	2	2	2	1	1	1	2	1	1	2	1	2	1	1	1	1	1	1	1	1	1	1	1	1	1	1	1	1	1	1	1	1	1	0	0	0	0	0	0	0	0	2	2	2	2	2	2	2	2	2	2	2	2
144118066	0	0	0	0	0	0	0	0	0	0	0	0	0	0	0	0	0	0	0	0	0	0	0	2	2	2	2	1	2	2	2	2	2	2	2	0	0	2	0	2	2	2	0	2	.	2	2	2	2	2	2	2	2	2	2	2	2	.	2	2	2	2	2	2	2	2	2	2	1	2	2	2	2	2	2	2	1	1	1	1	1	1	1	1	1	1	1	2	2	1	1	2	2	1	1	1	1	1	1	1	1	1	1	1	1	1	0	0	0	0	0	0	0	0	2	2	2	2	2	2	2	1	2	2	2	2
144118180	0	0	0	0	0	0	0	0	0	0	0	0	0	0	0	0	0	0	0	0	0	0	0	2	2	2	2	2	2	2	2	2	2	2	2	2	2	2	2	2	2	2	2	2	0	2	2	2	2	2	2	2	2	2	2	2	2	2	2	2	2	2	2	2	2	2	2	2	1	2	2	2	2	.	2	2	1	1	1	1	1	1	1	1	1	1	1	2	1	1	1	1	2	1	2	1	1	1	1	1	1	1	1	1	1	1	0	0	0	0	0	0	0	0	2	2	2	2	2	2	2	1	2	2	2	2
145690689	0	0	0	.	0	0	0	.	0	0	0	0	0	0	0	.	0	.	.	0	0	0	0	0	0	0	0	0	0	0	0	.	0	0	0	0	0	.	0	0	0	0	0	0	0	0	0	0	.	0	0	0	0	0	0	.	0	0	0	0	0	0	0	0	0	0	0	0	.	0	0	0	0	.	0	0	0	0	0	0	0	0	.	0	0	0	0	0	0	0	0	0	0	.	0	0	0	0	0	0	.	0	0	0	0	0	2	2	2	2	2	2	2	.	1	2	2	2	2	.	2	0	.	2	2	2
146363984	0	0	0	0	0	0	0	0	0	0	0	0	0	0	0	0	0	0	0	0	0	0	0	2	2	2	.	2	0	2	2	.	2	2	2	0	0	2	2	2	2	2	2	2	2	0	2	2	2	2	2	2	2	2	2	2	2	0	2	0	2	2	2	2	2	2	2	2	2	2	2	2	2	2	2	2	1	1	1	1	1	1	2	1	1	1	1	1	2	1	1	1	1	1	1	1	1	1	.	1	.	1	1	1	1	1	0	0	0	0	0	0	0	0	2	2	2	2	2	2	2	2	2	1	2	2
146364328	0	0	0	0	0	.	0	0	0	0	0	0	0	0	0	0	0	0	0	0	0	0	0	2	2	2	1	2	2	2	2	2	2	2	2	2	0	2	.	2	2	2	2	2	2	0	2	2	2	2	2	2	2	2	2	2	2	2	2	2	2	2	2	2	2	2	0	2	1	2	2	2	2	2	2	2	1	1	1	1	1	1	2	1	1	1	1	2	1	1	1	1	2	1	1	1	1	1	1	1	.	1	1	1	1	1	0	0	0	0	0	0	0	0	.	2	2	.	2	2	2	2	2	2	2	2
146364363	0	0	0	0	0	0	0	0	0	0	0	0	0	0	0	0	0	0	0	0	0	0	0	.	0	0	0	0	0	0	0	0	0	0	0	0	0	0	.	0	0	0	.	0	0	0	0	0	0	0	0	0	0	0	0	0	0	0	0	.	0	0	0	0	0	0	0	.	0	0	.	0	0	0	0	0	0	0	0	0	0	0	0	0	0	0	0	0	0	0	0	0	0	0	0	0	.	0	0	0	0	0	0	0	0	0	2	2	2	2	2	2	2	2	2	2	2	.	2	2	2	0	0	2	2	2
146412598	0	0	0	0	0	.	0	0	0	0	0	0	.	0	0	0	0	0	.	0	0	.	0	.	0	0	0	0	0	0	0	0	0	.	0	.	.	0	.	0	0	0	0	0	0	0	.	0	0	.	0	0	.	0	.	0	0	.	.	0	0	0	0	0	0	.	.	0	0	0	.	0	0	.	.	0	.	.	0	.	.	.	.	0	0	0	0	0	0	0	.	0	.	0	.	0	.	0	.	0	.	.	0	0	0	0	2	2	2	2	0	2	0	2	.	2	.	2	.	0	.	.	2	.	.	2
148572609	0	0	0	0	0	0	0	0	0	0	0	0	0	0	0	0	0	0	0	0	0	0	0	2	.	2	2	2	2	.	2	2	2	2	2	2	0	2	1	2	2	2	2	2	2	0	2	1	2	2	2	0	2	2	2	2	2	2	2	0	2	2	2	2	2	2	2	2	2	2	2	2	2	2	2	2	1	1	1	1	.	1	2	1	1	1	1	1	1	1	1	1	1	1	1	1	1	1	1	1	1	1	1	1	1	1	0	.	0	0	0	0	0	0	2	2	1	2	2	2	2	0	2	2	.	2
148751477	0	0	0	0	0	0	0	0	0	0	0	0	0	0	0	0	0	0	0	0	0	0	0	2	2	2	2	2	2	2	2	2	2	2	0	2	2	2	2	2	2	2	2	2	0	2	2	2	2	2	2	0	2	2	2	2	2	0	2	2	2	2	2	2	2	2	2	2	1	2	2	2	1	2	2	2	1	1	1	1	1	1	1	1	1	1	1	1	1	1	1	1	1	1	1	1	1	1	1	1	1	1	1	1	1	1	0	0	0	0	0	0	0	0	0	2	2	2	2	2	2	1	2	2	2	2
148751686	0	0	0	0	0	0	0	0	0	0	0	0	0	0	0	0	0	0	0	0	0	0	0	0	0	0	0	0	0	0	0	0	0	0	0	0	0	0	0	0	0	0	0	0	0	0	0	0	0	0	0	0	0	0	0	0	0	0	0	0	0	0	0	0	0	0	0	0	0	0	0	0	0	0	0	0	0	0	0	0	0	0	0	0	0	0	0	0	0	0	0	0	0	0	0	0	0	0	0	0	0	0	0	0	0	0	2	2	2	2	2	2	2	2	2	2	2	2	2	2	2	0	2	2	2	2
149008908	0	0	0	0	0	0	0	0	0	0	0	0	0	0	0	0	0	0	0	0	0	0	0	0	0	0	0	0	0	0	0	0	0	0	0	0	0	0	0	0	0	0	0	0	0	0	0	0	0	0	0	0	0	0	0	0	0	0	0	0	0	0	0	0	0	0	0	0	0	0	0	0	0	0	0	0	0	0	0	0	0	0	0	0	0	0	0	0	0	0	0	0	0	0	0	0	0	0	0	0	0	0	0	0	0	0	2	2	2	2	2	2	2	2	2	2	2	2	0	2	2	0	2	2	0	2
149008964	0	0	0	0	0	0	0	0	0	0	0	0	0	0	0	0	0	0	0	0	0	0	0	0	0	0	0	0	0	0	0	0	0	0	0	0	0	0	0	0	0	0	0	0	0	0	0	0	0	0	0	0	0	0	0	0	0	0	0	0	0	0	0	0	0	0	0	0	0	0	0	0	0	0	0	0	0	0	0	0	0	0	0	0	0	0	0	0	0	0	0	0	0	0	0	0	0	0	0	0	0	0	0	0	0	0	2	2	2	2	2	2	2	2	2	2	2	2	2	2	2	0	2	2	2	2
149524691	0	0	0	.	0	0	0	0	0	2	0	0	0	0	0	0	0	0	0	0	0	0	0	2	2	2	2	2	2	.	2	2	2	2	2	2	.	2	.	2	2	2	2	2	2	2	2	2	2	2	1	2	2	2	2	2	2	2	2	2	2	2	2	2	2	2	2	2	1	2	2	2	2	2	2	2	1	1	1	1	1	1	1	1	1	1	1	2	2	1	1	1	1	1	1	1	1	1	1	1	1	.	1	1	1	1	0	0	0	0	0	0	0	0	2	2	2	2	2	2	.	1	2	2	2	2
149766478	0	0	0	0	0	0	0	0	0	0	0	0	0	0	0	0	0	0	0	0	0	0	0	0	0	0	0	0	0	0	0	0	0	0	0	0	0	.	0	0	.	0	0	0	.	0	0	0	0	.	.	0	0	0	0	.	.	0	0	0	0	0	0	0	0	0	0	0	.	0	0	0	.	0	0	0	.	.	.	.	.	.	.	.	.	.	.	.	.	.	.	.	.	.	.	.	.	.	.	.	.	.	.	.	0	.	2	2	2	2	2	2	2	2	1	2	1	1	.	2	2	.	1	1	1	1
150039430	0	.	0	.	0	.	.	0	.	.	0	0	.	0	.	.	.	.	0	.	0	0	.	0	0	0	0	0	.	.	0	.	.	.	.	0	0	0	0	0	0	0	0	0	.	0	0	.	.	0	0	0	.	0	0	0	0	.	.	.	0	0	0	0	.	.	0	.	0	0	.	0	.	0	0	0	.	.	.	.	.	.	0	0	.	0	0	.	0	.	.	0	0	.	.	.	.	.	.	0	.	.	0	.	0	0	2	2	2	2	2	2	2	.	2	2	.	2	.	2	.	.	1	2	0	2
152039249	0	0	0	0	0	0	0	0	0	0	0	0	0	0	0	0	0	0	0	0	0	0	0	2	2	2	2	2	2	2	2	2	2	2	2	2	0	2	2	2	2	2	2	2	2	0	2	2	2	2	2	2	2	2	2	2	2	2	2	2	2	2	2	2	2	2	2	2	2	2	2	2	2	2	2	2	1	1	1	1	1	1	2	1	1	1	1	1	1	1	1	1	2	1	1	1	1	1	1	1	1	1	1	1	1	1	0	0	0	0	0	0	0	0	2	2	2	2	2	2	2	2	2	2	2	2
152039347	0	0	0	0	0	0	0	0	0	0	0	0	0	0	0	0	0	0	0	0	0	0	0	2	2	2	2	2	2	2	2	2	2	2	2	2	2	2	2	2	2	2	2	2	2	2	2	2	2	.	2	2	2	2	2	2	2	2	2	2	2	2	2	2	2	2	2	2	2	2	0	2	2	2	2	2	1	1	1	1	1	1	1	1	1	1	1	1	1	1	1	1	2	1	1	1	1	1	1	1	1	1	1	1	1	1	0	0	0	0	0	0	0	0	0	2	2	2	2	2	2	1	2	2	2	2
152039419	0	0	.	0	0	0	0	.	0	0	0	0	.	0	0	0	0	.	.	0	0	0	0	0	0	.	0	.	0	.	0	0	0	0	0	0	0	0	0	0	0	.	.	0	0	0	0	0	0	.	0	0	0	0	.	.	0	0	0	0	0	.	.	0	0	.	.	0	0	0	0	0	0	0	0	0	0	0	0	0	0	.	0	.	0	0	0	0	0	.	0	.	.	0	0	.	0	0	.	0	0	.	0	.	0	0	2	2	2	2	2	2	2	.	.	2	2	2	1	2	2	.	2	2	2	2
152583536	0	0	0	.	0	.	0	.	.	0	0	0	0	0	0	0	0	0	0	0	0	0	0	.	2	2	.	2	2	.	2	2	2	.	.	.	.	.	2	2	.	2	2	.	2	0	2	2	2	.	2	2	0	2	2	2	0	2	.	.	2	2	2	2	2	.	.	2	.	2	2	2	2	.	.	2	1	1	1	1	1	1	2	1	1	1	1	2	1	1	1	1	1	1	1	1	1	1	1	.	.	1	1	1	1	1	0	.	0	0	0	0	0	0	2	2	2	2	0	2	.	.	2	2	.	2
152583547	0	0	0	0	0	.	0	0	.	0	0	0	0	0	0	0	0	0	0	0	0	0	0	0	2	2	.	2	2	2	2	2	2	2	.	.	.	.	2	2	.	2	2	.	2	0	2	2	2	.	2	2	0	2	2	2	0	2	.	.	2	2	2	2	2	.	.	2	.	2	2	2	2	.	.	2	1	1	1	1	1	1	1	1	2	1	1	2	1	1	1	1	1	1	1	1	1	1	1	.	.	1	1	1	1	1	.	.	0	0	0	0	0	0	2	2	2	2	0	2	.	.	2	2	.	2
152583645	0	0	.	0	0	.	0	0	0	0	0	0	0	0	0	.	0	.	0	0	0	0	0	2	.	2	2	0	2	2	2	2	2	2	.	.	.	.	2	2	.	.	2	2	2	2	2	2	2	.	2	2	2	2	2	2	2	2	.	.	2	2	2	2	2	.	2	2	.	2	2	2	2	.	0	2	1	1	1	1	.	1	1	1	2	1	1	1	1	1	1	2	1	1	1	.	1	1	1	1	1	.	1	1	1	1	0	.	0	0	0	0	0	0	.	2	2	2	0	.	2	.	2	2	.	2
153258329	0	0	0	.	0	.	0	0	0	.	.	0	0	0	0	0	.	0	0	0	0	0	0	2	2	.	.	2	2	.	2	0	2	2	.	0	.	2	.	2	0	2	2	2	2	.	2	1	2	.	2	2	.	2	2	.	.	.	.	.	2	2	2	2	2	2	.	.	1	2	0	2	2	2	.	2	1	1	.	1	1	1	.	1	1	1	1	.	1	1	2	1	1	1	.	1	.	1	1	1	.	1	1	1	1	1	0	.	0	0	0	0	0	0	.	2	.	0	.	2	2	.	2	2	.	2
153258330	0	0	0	.	0	.	0	0	0	.	.	0	0	0	0	0	.	0	0	0	0	0	0	2	2	.	.	2	2	.	2	2	2	2	.	0	.	2	.	2	0	2	2	2	2	.	2	1	2	.	2	2	.	2	2	.	.	.	.	.	2	2	2	2	2	2	.	.	2	2	0	2	2	2	.	2	1	1	.	1	1	1	.	1	1	1	1	.	1	1	2	1	1	1	1	1	.	1	1	1	1	1	1	1	1	1	0	0	0	0	0	0	0	0	.	2	.	0	.	2	2	.	2	2	2	2
153258346	0	0	0	.	0	0	0	0	0	0	.	0	0	0	0	0	.	0	0	0	0	0	0	2	2	2	.	2	2	2	2	2	2	2	.	0	.	.	2	2	2	2	2	2	2	.	2	1	2	.	2	2	1	2	2	.	.	.	.	.	2	2	2	2	2	2	1	.	1	2	2	2	2	2	.	2	1	1	1	1	1	1	.	1	1	1	1	.	1	1	2	1	1	1	1	1	.	1	1	1	1	1	1	1	1	1	0	0	0	0	0	0	0	0	0	2	2	0	.	2	2	.	2	2	2	2
153259344	0	0	0	2	0	0	0	0	0	0	0	0	0	0	0	0	0	0	0	0	0	0	0	2	2	2	2	2	2	2	2	2	2	2	2	0	0	2	2	2	2	2	2	2	0	0	2	2	2	1	2	2	.	2	2	2	2	2	2	2	2	2	2	2	2	2	2	2	2	2	2	2	2	2	.	2	1	1	1	1	1	1	2	1	2	1	1	1	1	2	1	2	1	1	1	1	1	1	1	1	1	1	1	1	1	1	0	0	0	0	0	0	0	0	2	2	2	2	2	2	2	2	2	2	2	2
153259351	0	0	0	2	0	0	0	0	0	0	0	0	0	0	0	0	0	0	0	0	0	0	0	2	2	2	2	2	2	2	2	2	2	2	2	0	0	2	2	2	2	2	2	2	0	0	2	2	2	1	2	2	.	2	2	2	2	2	2	2	2	2	2	2	2	2	2	2	2	2	2	2	2	2	.	2	1	1	1	1	1	1	2	1	2	1	1	1	1	2	1	2	1	1	1	1	1	1	1	1	1	1	1	1	1	1	0	0	0	0	0	0	0	0	2	2	2	2	2	2	2	2	2	2	2	2
155056646	0	0	0	0	0	0	0	.	0	0	0	0	0	0	0	0	.	0	0	0	0	0	0	0	0	0	.	.	0	0	0	0	0	0	.	.	0	.	0	0	0	.	.	0	0	0	0	0	0	0	0	.	.	0	0	.	0	.	.	.	0	0	0	0	.	.	0	0	.	0	.	.	.	.	0	0	.	.	.	.	0	.	0	.	.	0	.	0	.	0	.	0	.	0	0	.	.	.	.	.	.	.	0	.	0	.	2	0	2	2	2	2	2	0	1	.	2	.	2	2	2	.	2	1	.	2
156238691	0	.	0	0	0	0	0	0	0	0	0	0	0	0	0	0	0	0	0	0	0	0	0	0	0	0	0	0	0	0	0	0	0	0	0	.	0	.	0	.	0	0	0	0	0	0	0	0	0	.	0	0	0	0	0	0	0	0	.	0	.	0	0	0	0	0	.	0	0	0	0	.	.	.	0	0	0	0	0	0	0	0	0	0	0	0	.	0	0	0	0	0	0	0	0	0	.	0	.	0	.	0	0	0	0	0	2	2	2	2	0	2	2	2	1	0	2	.	2	2	.	0	2	2	.	2
156238769	0	0	0	0	0	.	0	0	0	.	0	0	0	.	.	0	0	0	.	0	.	.	0	0	.	0	0	0	.	0	0	0	0	0	.	.	0	0	0	0	0	.	.	0	.	0	0	.	.	0	0	.	.	.	.	.	.	0	.	.	.	0	0	0	.	.	.	0	0	.	.	.	0	.	0	0	.	.	.	0	.	.	0	0	.	.	.	0	.	.	.	0	.	.	0	0	.	0	0	0	.	.	0	0	0	.	2	2	2	2	0	2	2	.	2	2	2	.	2	2	.	.	2	.	.	2
157200732	0	0	0	0	0	0	.	.	0	.	.	0	.	.	0	.	0	.	0	.	.	0	0	0	0	0	0	0	0	.	0	.	0	0	0	.	.	0	0	0	0	0	.	0	.	.	.	0	.	.	.	.	0	0	0	.	0	.	.	.	0	.	0	0	.	.	.	.	.	.	.	0	0	.	0	0	0	.	0	.	0	0	.	0	0	.	0	0	.	0	.	0	.	.	0	0	.	.	.	.	.	0	0	.	0	.	2	.	.	2	2	.	.	.	2	2	2	0	2	2	2	.	2	.	.	2
157201044	0	0	0	0	0	0	0	0	0	0	0	0	0	0	0	0	0	0	0	0	0	0	0	2	2	2	2	2	2	2	2	2	2	2	2	2	2	2	2	2	2	2	2	2	2	2	2	2	2	2	2	2	2	2	2	2	2	2	2	2	2	2	2	2	2	2	2	2	1	2	2	2	2	2	2	2	1	1	2	1	1	1	1	1	1	1	1	1	.	1	1	1	1	1	1	1	1	1	1	1	1	1	1	1	1	1	2	2	2	2	2	2	2	2	1	1	1	1	1	1	1	1	1	1	1	1
157201110	0	0	0	0	0	0	0	0	0	0	0	0	0	0	.	0	0	0	0	0	0	0	0	0	0	0	0	0	0	0	0	0	0	0	0	0	0	0	0	0	0	0	0	0	0	0	0	0	0	0	0	0	0	0	0	0	0	0	0	.	0	.	0	0	0	0	0	0	0	0	0	0	.	0	0	0	0	0	0	0	0	0	0	0	.	0	0	0	.	0	0	0	0	0	0	0	0	0	0	0	0	0	0	0	0	0	2	2	2	2	2	2	2	2	2	2	2	2	2	2	2	0	2	2	2	2
157498507	0	0	0	0	0	0	0	0	0	2	0	0	.	0	0	0	0	0	0	0	0	0	0	2	2	2	2	2	2	2	2	2	2	2	2	2	0	2	2	2	2	2	2	2	2	0	2	2	2	2	2	2	0	2	2	2	1	2	2	.	2	2	2	0	2	.	2	2	2	2	2	2	2	0	2	2	1	1	1	1	1	1	2	1	1	1	1	1	1	1	1	1	1	1	1	1	1	1	.	1	.	1	1	2	1	1	0	0	0	0	0	0	0	0	2	2	2	2	2	2	.	2	2	2	.	2
157499299	0	0	0	0	0	0	0	0	0	0	0	0	0	0	0	0	0	0	0	0	0	0	0	2	2	2	2	2	2	2	2	2	2	2	2	2	2	2	2	2	2	2	2	2	2	.	2	2	2	2	2	2	0	2	2	.	2	2	2	2	2	2	2	2	2	2	2	2	1	.	2	2	2	2	2	2	1	1	1	1	1	1	1	1	1	1	1	2	1	1	1	1	1	1	.	1	1	1	1	1	1	1	1	1	1	1	2	2	2	2	2	2	0	2	1	.	1	2	2	1	1	1	1	1	.	1
157499322	0	0	0	0	0	0	0	0	0	0	0	0	0	0	0	0	0	0	0	0	0	0	0	2	2	2	2	2	2	2	2	2	2	2	2	2	2	2	2	2	2	2	2	2	2	.	2	2	2	2	2	2	0	2	2	.	2	2	2	2	2	2	2	2	2	2	2	2	1	.	2	2	2	2	2	2	1	1	1	1	1	1	1	1	1	1	1	2	1	1	1	1	1	1	.	2	1	1	1	1	1	1	1	1	1	1	2	2	2	2	2	2	2	2	1	1	1	2	2	1	1	1	1	1	.	1
160420567	0	0	0	0	0	0	0	0	0	0	0	0	0	0	0	0	0	0	0	0	0	0	0	0	0	0	.	.	.	.	0	.	0	0	.	0	0	.	.	0	0	0	0	0	0	0	0	0	0	0	.	.	0	0	0	0	.	0	0	0	0	0	0	.	0	.	0	0	.	0	.	.	.	.	.	0	.	.	.	.	.	.	.	.	.	.	.	.	.	.	.	.	.	.	.	.	.	.	.	.	.	.	.	.	.	.	2	.	2	2	2	2	2	2	.	.	1	.	1	.	.	.	.	.	1	2
160420643	0	0	0	0	0	0	0	0	0	0	0	0	0	0	0	0	0	0	0	0	2	0	0	0	.	0	0	.	0	.	0	.	0	0	.	0	0	.	.	0	0	0	0	0	.	0	0	0	0	.	0	.	0	0	0	0	2	0	0	0	0	0	0	.	0	0	0	0	.	0	0	0	0	.	.	0	.	.	.	.	.	.	.	.	.	.	.	.	.	.	.	.	.	.	.	.	.	.	.	.	.	.	.	.	.	.	2	2	2	2	2	2	2	2	.	1	1	.	1	1	.	.	1	.	1	1
160420759	0	0	0	0	0	0	0	0	0	0	0	0	0	0	0	0	0	0	0	0	0	0	0	0	0	0	0	0	0	.	0	.	0	0	0	0	0	0	0	0	0	0	0	0	.	.	0	0	0	0	0	0	0	0	.	0	0	.	0	0	0	0	0	.	0	0	0	0	.	0	0	0	0	0	0	0	.	.	.	.	.	.	.	.	.	.	.	.	.	.	.	.	.	.	.	.	.	.	.	.	.	.	.	.	.	.	2	2	2	2	2	2	2	2	1	1	1	.	1	1	1	.	1	.	.	1
160420850	0	0	0	0	0	0	0	.	0	0	0	0	0	0	0	0	0	0	0	0	0	0	0	0	0	0	0	0	0	.	0	.	0	0	0	0	0	.	.	0	0	0	0	0	.	.	0	0	.	.	0	.	0	0	0	.	0	0	0	0	0	.	0	.	0	.	0	0	.	0	0	.	0	0	.	0	.	.	.	.	.	.	.	.	.	.	.	.	.	.	.	.	.	.	.	.	.	.	.	.	.	.	.	.	.	.	2	2	2	2	2	2	2	2	1	1	1	.	1	.	.	.	1	.	.	2
160421103	0	0	0	0	0	0	0	0	0	0	2	0	0	0	0	0	0	0	0	0	0	0	0	0	.	.	0	0	0	.	0	0	0	0	0	0	.	.	0	0	0	0	.	0	0	.	0	.	0	0	0	0	0	0	.	.	0	0	0	.	0	.	0	0	0	0	0	.	.	0	.	0	0	0	0	0	.	.	.	.	.	.	.	.	.	.	.	.	.	.	.	.	.	.	.	.	.	.	.	.	.	.	.	.	.	.	2	2	2	2	2	2	2	2	1	2	.	2	.	2	1	.	1	2	.	1
160421227	0	0	0	0	0	0	0	0	0	0	0	0	0	0	0	0	0	0	0	0	0	0	0	0	0	0	0	0	0	0	0	0	0	0	0	0	0	0	0	0	0	0	.	0	0	0	0	0	0	0	0	0	0	0	0	0	.	0	0	.	0	0	0	0	0	0	0	0	.	0	0	0	0	.	0	0	.	.	.	.	.	.	.	.	.	.	.	.	.	.	.	.	.	.	.	.	.	.	.	.	.	.	.	.	.	.	2	2	2	2	2	2	2	2	1	2	1	2	2	2	1	.	2	1	1	1
160421308	0	0	0	0	0	0	0	0	0	0	0	0	0	0	0	0	0	0	0	0	0	0	0	0	0	.	0	0	0	.	0	.	0	0	0	0	0	0	0	0	.	0	.	0	.	0	0	.	0	.	0	.	0	0	0	0	.	0	0	.	0	.	0	0	.	0	0	.	.	0	.	0	0	0	0	0	.	.	.	.	.	.	.	.	.	.	.	.	.	.	.	.	.	.	.	.	.	.	.	.	.	.	.	.	.	.	2	2	2	2	2	2	2	2	1	1	.	2	1	1	1	.	2	1	1	1
161249721	0	0	0	.	0	.	0	0	0	0	0	0	0	0	0	0	0	.	0	0	0	0	0	0	0	0	.	0	0	0	0	0	0	0	0	.	0	0	0	0	.	0	0	0	0	0	0	.	0	0	0	0	0	0	.	0	0	0	0	0	0	0	0	0	.	0	0	.	0	0	0	0	0	0	0	0	.	0	.	0	.	0	0	0	.	0	.	.	0	0	.	0	0	0	0	0	0	0	.	0	.	0	0	.	0	0	2	2	2	2	2	2	2	.	.	2	2	1	2	2	2	.	2	2	.	2
161249965	0	0	0	.	0	0	0	0	0	0	0	0	.	0	0	0	0	.	0	.	0	0	0	0	0	0	.	0	0	0	0	0	0	0	0	0	.	.	.	0	.	0	0	0	0	0	0	.	0	0	0	0	0	0	0	.	0	0	0	.	0	0	0	0	0	0	0	0	0	0	0	0	0	.	0	0	0	0	0	0	0	0	0	0	0	0	0	0	0	0	0	0	0	0	0	0	.	0	.	0	0	0	0	0	0	0	2	2	.	2	.	2	.	2	2	2	2	2	2	2	2	0	0	2	2	2
161250130	0	.	0	.	0	0	0	.	0	.	0	.	.	.	.	0	.	0	0	.	0	0	.	.	0	.	.	0	0	0	0	.	0	0	0	.	.	.	0	0	0	0	0	0	.	0	.	0	.	0	.	.	.	0	0	0	0	0	.	.	0	0	0	.	0	.	0	.	0	0	0	0	.	.	.	.	0	.	.	.	.	.	0	0	0	0	.	0	0	0	.	0	0	0	0	0	.	.	.	.	0	0	.	0	0	.	2	.	.	2	2	2	.	.	2	2	2	.	.	0	.	.	.	.	.	2
161516268	0	0	0	0	0	0	0	0	0	0	0	0	0	0	0	0	0	0	0	0	0	0	0	.	2	2	2	2	2	2	2	2	2	2	2	2	0	2	2	2	2	2	2	2	2	0	2	2	2	2	2	2	2	2	2	2	2	2	2	2	2	2	2	2	2	2	2	2	2	2	.	2	2	0	2	2	1	1	1	1	1	1	2	1	2	1	1	2	1	2	1	1	1	2	1	1	1	1	1	1	1	1	1	1	1	1	0	0	0	0	0	2	0	0	0	2	0	2	2	2	2	2	2	2	2	2
161981988	0	0	0	0	0	0	0	0	0	0	0	0	0	0	0	0	0	0	0	0	0	0	0	2	2	2	2	2	2	2	2	2	2	2	2	2	0	2	2	2	2	2	2	2	2	0	2	0	2	2	2	2	2	2	2	2	2	2	2	2	2	2	2	2	2	2	2	2	2	2	2	2	2	2	2	2	1	1	1	1	1	2	2	1	2	1	1	1	1	1	1	1	2	2	1	1	1	1	1	1	1	1	1	1	1	1	0	0	0	0	0	2	0	0	2	2	2	2	2	2	.	2	2	2	2	2
162828651	0	0	0	0	0	0	0	0	0	0	0	0	0	0	0	0	0	0	0	0	0	0	0	0	.	0	0	0	0	0	0	0	0	0	0	.	.	0	0	0	0	0	.	0	0	2	0	0	0	0	0	0	0	0	0	.	0	0	0	2	0	0	0	0	.	0	2	0	.	0	0	.	0	.	0	0	.	0	0	0	0	0	2	0	.	.	0	.	.	0	.	.	.	.	0	0	.	.	.	.	.	.	0	.	0	.	2	2	2	2	2	2	2	2	2	2	2	2	2	2	.	2	2	2	0	2
164479231	0	0	0	0	0	0	0	0	0	0	0	0	0	0	0	0	0	0	0	0	0	0	0	0	0	.	0	0	.	0	0	0	.	0	0	0	0	0	0	0	0	.	0	.	0	0	0	.	0	.	.	.	0	0	0	0	0	0	.	.	0	0	0	0	0	0	.	.	0	0	.	0	.	.	.	0	.	.	.	.	.	.	0	.	.	.	.	.	.	.	.	.	.	.	.	.	.	.	.	.	.	.	.	.	.	.	2	2	2	2	2	2	2	2	1	1	1	1	1	2	.	.	1	1	.	1
164479370	0	0	0	0	0	0	0	0	0	0	0	0	0	0	0	0	0	0	0	0	0	0	0	0	0	.	0	0	0	0	0	0	0	0	0	0	2	0	0	0	0	0	0	0	0	2	0	0	0	0	0	0	0	0	0	0	0	0	0	0	0	0	0	0	0	0	0	0	1	0	0	0	0	0	0	0	.	.	.	.	.	.	1	.	.	.	.	.	.	.	.	.	.	.	.	.	.	.	.	.	.	.	.	.	.	.	2	2	2	2	2	2	2	2	1	1	1	1	1	2	1	1	1	2	.	1
164479408	0	0	0	0	0	0	0	0	0	0	0	0	0	0	0	0	0	0	0	0	0	0	0	0	0	.	0	0	0	0	0	.	0	0	0	0	2	0	0	0	0	0	0	0	0	2	0	.	0	0	0	0	0	0	0	0	0	0	0	0	0	0	0	0	0	0	0	0	2	0	0	0	0	0	0	0	.	.	.	.	.	.	1	.	.	.	.	.	.	.	.	.	.	.	.	.	.	.	.	.	.	.	.	.	.	.	2	2	2	2	2	2	2	2	1	1	1	1	1	2	1	1	1	2	.	1
164479610	0	0	0	0	0	0	0	0	0	0	0	0	0	0	0	0	0	.	0	0	0	0	0	.	0	.	0	0	.	0	0	.	0	0	0	.	0	.	.	0	0	.	0	0	.	2	0	.	0	0	0	.	0	0	0	.	.	0	.	.	0	.	0	0	0	.	0	0	1	.	.	0	0	0	0	0	.	.	.	.	.	.	1	.	.	.	.	.	.	.	.	.	.	.	.	.	.	.	.	.	.	.	.	.	.	.	2	2	2	2	2	2	2	2	1	1	1	2	.	2	.	.	1	1	.	1
166546378	0	0	0	0	0	0	0	0	0	0	0	0	0	0	0	0	0	0	0	0	0	0	0	2	2	2	2	2	2	0	2	.	2	2	2	2	2	2	2	2	2	2	2	2	2	2	2	2	2	2	2	2	2	2	2	2	2	2	2	2	2	2	2	2	2	2	2	2	1	2	2	2	2	.	2	2	1	1	1	2	1	1	1	1	1	1	1	1	1	1	1	1	1	1	1	1	1	1	1	1	.	.	2	1	1	1	2	2	2	2	2	2	2	2	1	1	1	1	1	1	1	1	1	2	.	1
166546547	0	0	0	0	0	2	0	0	0	0	0	0	0	0	0	0	0	0	0	0	0	0	0	2	2	2	2	2	2	2	2	2	2	2	2	2	2	2	2	2	2	2	2	2	2	2	2	2	2	2	2	2	0	2	2	2	2	2	2	2	2	2	2	2	2	2	2	2	1	2	2	2	2	.	2	2	1	1	1	1	1	1	1	1	2	1	1	1	1	1	1	1	1	1	1	1	1	1	1	1	2	1	1	1	1	1	2	2	2	2	2	2	2	2	1	1	1	1	1	1	1	1	1	2	1	1
166546630	0	0	0	0	0	0	0	0	0	0	0	0	0	0	0	0	0	0	0	0	0	.	0	2	2	2	2	2	.	2	2	2	2	2	2	2	2	2	2	2	2	2	2	2	2	2	2	2	2	.	2	.	.	2	2	2	2	2	2	2	2	2	2	2	2	2	2	2	1	2	.	.	2	.	2	2	1	1	1	1	1	1	.	.	1	1	1	1	1	1	.	1	1	1	1	1	1	1	1	1	2	1	2	.	1	1	2	2	2	2	2	2	.	2	1	1	1	1	1	1	1	1	1	2	1	1
166548133	0	.	0	0	0	0	0	0	.	.	0	0	0	0	0	0	.	0	0	0	0	0	0	0	0	0	.	0	0	0	0	.	0	0	0	0	0	.	.	0	0	0	.	0	0	0	0	0	0	0	0	0	0	0	0	0	0	0	0	0	0	0	0	0	0	.	0	0	.	0	0	0	0	0	0	0	0	0	0	0	0	0	0	0	0	0	0	0	.	0	0	0	0	0	0	0	0	0	.	0	0	0	0	0	0	0	2	2	2	2	.	2	2	2	2	2	2	2	2	2	2	0	2	2	.	2
166548490	0	0	0	0	0	0	0	0	0	0	0	0	0	0	0	0	0	0	0	0	0	0	0	2	2	2	2	2	2	2	2	2	2	2	2	2	2	2	2	2	2	2	2	2	2	2	2	2	2	2	2	2	2	2	2	2	2	2	2	2	2	2	2	2	2	2	2	2	1	2	2	2	2	2	2	2	1	1	1	1	1	1	1	1	2	1	1	1	1	2	1	1	1	1	1	1	1	1	1	1	1	1	1	1	1	1	2	2	2	2	2	2	2	2	1	1	1	1	1	1	1	1	1	1	1	1
168558361	0	0	0	0	0	0	0	0	0	0	0	0	0	0	0	0	0	0	0	0	0	0	0	2	2	2	2	2	2	2	2	2	2	2	2	2	0	.	0	2	2	2	2	2	2	0	2	.	2	0	2	2	2	2	2	2	2	2	2	0	2	2	.	.	2	2	0	0	2	2	2	2	2	2	2	2	.	1	1	1	1	1	2	1	1	1	2	1	.	1	.	2	1	1	1	1	1	1	.	.	1	1	1	1	1	1	0	0	0	0	0	0	0	0	2	2	2	2	0	2	2	2	2	2	2	2
168558814	0	0	0	0	0	0	0	0	0	0	0	0	0	0	0	0	0	0	0	0	0	0	0	2	2	2	2	2	2	2	2	2	2	2	2	.	2	2	2	2	2	2	2	2	2	2	2	2	2	2	2	2	0	2	2	2	2	2	2	2	2	2	2	2	2	2	2	2	1	2	2	2	2	2	2	2	1	1	1	1	1	1	1	1	1	1	1	1	1	2	1	1	1	1	1	1	1	1	1	1	1	1	1	1	1	1	2	2	2	2	2	2	2	2	1	1	1	1	1	1	1	1	.	1	1	1
171110419	0	.	0	0	0	0	0	0	0	0	0	0	0	0	0	0	.	0	0	0	0	0	0	0	.	0	0	0	0	0	0	0	0	0	0	0	.	.	0	0	.	0	0	0	0	0	0	0	0	0	0	.	0	0	0	0	0	0	0	0	0	.	0	.	.	.	.	0	0	0	0	.	0	0	.	0	.	0	0	0	0	0	0	.	0	.	0	0	0	0	0	0	0	0	0	0	0	0	0	0	.	.	0	0	0	0	2	2	2	2	2	2	2	2	2	2	.	2	2	2	.	0	2	2	.	2
172744850	0	0	0	0	0	0	0	0	0	0	0	0	0	0	0	0	0	0	0	0	0	0	0	2	2	2	2	2	2	2	2	.	2	2	2	2	2	2	2	2	2	2	2	2	2	2	2	2	2	2	2	2	0	2	2	2	2	2	2	.	2	2	2	2	2	2	1	2	1	2	2	2	2	2	2	2	1	1	1	1	1	1	1	1	1	1	1	1	1	1	1	1	1	1	1	1	.	1	1	1	1	1	1	1	1	1	2	2	2	2	2	2	2	2	1	1	1	1	1	1	1	1	1	1	1	1
172744864	0	0	0	0	0	0	0	0	0	0	0	0	0	0	0	0	0	0	0	0	0	0	0	2	2	2	2	2	2	2	2	.	2	2	2	2	2	2	2	2	2	2	2	2	2	2	2	2	2	2	2	2	0	2	2	2	2	2	2	.	2	2	2	2	2	2	1	2	1	2	2	2	2	2	2	2	1	1	1	2	1	1	1	1	1	1	1	1	1	1	1	1	2	1	1	1	1	1	1	1	1	1	1	1	1	1	2	2	2	2	2	2	2	2	1	1	1	1	1	1	1	1	1	1	1	1
172744984	0	2	0	0	0	0	0	0	0	0	0	0	0	0	0	0	0	0	0	0	0	0	0	2	2	2	2	2	2	2	2	2	2	2	2	2	0	2	2	2	2	2	2	2	2	0	2	2	2	2	2	2	2	2	2	2	2	2	2	2	2	2	2	2	2	2	1	2	2	2	2	2	2	2	2	2	1	1	1	1	1	1	2	1	1	1	1	1	1	1	1	1	1	1	1	1	1	1	1	1	1	1	1	1	1	1	0	0	0	0	0	0	0	0	2	2	2	2	2	2	2	2	2	2	2	2
172745013	0	2	0	.	0	0	0	0	0	2	0	0	0	0	0	0	0	0	0	0	0	0	0	2	2	2	2	2	2	2	2	2	2	2	2	2	2	2	2	2	2	2	2	2	2	2	2	2	2	2	2	2	0	2	2	2	2	2	2	2	2	2	2	0	2	2	1	2	1	2	2	2	2	2	2	2	1	1	1	1	1	1	1	1	1	1	1	1	1	1	1	1	1	1	1	1	.	1	1	1	1	1	1	1	1	1	2	2	2	2	2	2	2	2	1	1	1	1	1	1	.	1	1	1	1	1
173311211	0	0	0	0	0	0	0	0	0	0	0	0	0	0	.	0	0	0	0	0	0	0	0	0	0	0	0	.	0	0	0	0	0	0	0	0	0	.	0	.	0	0	0	0	0	0	0	0	0	0	0	0	0	0	0	0	0	0	0	.	0	0	0	0	0	0	0	0	0	0	0	0	0	.	0	0	.	0	0	0	0	.	0	0	0	0	0	0	0	0	.	0	0	0	.	0	0	0	.	0	.	0	0	0	0	0	2	2	2	2	2	2	2	0	2	2	2	2	2	2	2	0	.	2	2	2
173311699	0	.	.	0	0	.	0	.	0	0	.	0	0	0	.	0	0	0	0	0	0	.	0	.	0	0	0	0	0	0	0	0	0	0	0	.	0	.	.	.	0	0	0	0	0	.	0	0	.	0	.	.	0	0	0	0	0	.	0	.	0	0	0	.	.	.	0	0	.	0	.	0	.	.	.	0	.	0	0	0	.	.	0	.	0	.	0	0	.	.	0	.	.	.	0	.	.	.	.	.	.	.	0	0	0	0	2	.	2	0	.	2	0	2	2	2	.	.	.	2	2	.	.	2	.	2
173390778	0	0	0	.	0	0	0	.	0	0	0	0	0	0	0	0	0	0	0	0	0	0	0	2	2	2	2	2	2	.	2	2	2	2	2	2	2	.	2	2	2	2	2	2	2	2	2	2	2	2	2	2	2	2	2	2	2	2	2	2	2	2	2	2	2	2	2	2	1	2	2	2	2	2	2	2	1	1	1	1	1	1	1	1	1	1	1	1	1	1	.	1	1	1	1	1	1	1	1	1	1	1	1	1	1	1	2	2	2	2	2	2	2	2	1	1	1	1	1	1	2	1	1	1	1	1
173610605	0	0	0	0	0	0	.	0	0	0	0	.	0	0	0	0	.	0	0	.	.	0	0	0	.	0	.	.	.	0	0	.	0	0	0	0	0	.	.	0	.	0	.	.	0	0	0	.	0	0	.	0	.	0	.	0	.	.	0	.	0	0	0	.	.	.	0	.	.	0	0	.	.	.	.	0	0	.	0	.	0	.	.	.	.	0	.	0	.	.	.	.	0	0	.	0	0	.	.	.	.	.	0	0	0	0	.	.	.	2	.	.	.	.	2	2	2	.	2	2	.	.	.	2	.	1
173724725	0	0	0	0	0	0	0	.	0	0	0	0	0	0	0	0	0	0	0	0	0	0	0	2	2	2	2	2	2	2	2	2	2	2	2	2	2	2	.	2	2	2	2	2	2	2	2	2	2	2	2	2	0	2	2	2	2	2	2	2	2	2	2	2	2	.	2	2	1	2	2	2	2	2	2	2	1	1	2	1	1	1	1	1	1	1	1	1	1	1	1	1	1	1	1	1	1	1	1	1	1	1	1	1	1	1	2	2	2	2	2	2	2	2	1	1	1	.	1	1	.	1	2	1	1	1
176778209	0	0	0	0	0	0	0	0	0	0	0	0	0	0	0	0	0	0	0	0	0	0	0	2	2	2	2	2	2	2	2	2	2	2	2	2	0	2	2	2	2	2	2	2	2	0	2	2	2	2	2	2	2	2	2	2	2	2	2	2	2	2	2	2	2	2	2	2	0	2	2	2	2	2	2	2	1	1	1	1	1	1	2	1	1	1	1	1	2	1	2	1	1	1	1	2	1	1	1	1	1	1	1	1	1	1	0	0	0	0	0	0	0	0	2	2	2	2	2	2	2	2	2	0	2	2
176778253	0	0	0	0	0	0	0	0	0	0	0	0	0	0	0	0	0	0	0	0	.	0	0	2	2	2	2	2	2	2	2	2	2	2	2	2	2	2	2	2	2	2	2	2	2	2	2	2	2	2	2	2	0	2	2	2	2	2	2	2	2	2	2	2	2	2	2	2	2	2	2	2	2	2	2	2	1	1	1	1	1	1	1	1	1	1	1	1	2	1	1	1	1	1	1	2	1	1	1	1	1	1	1	1	1	1	2	2	2	2	2	2	2	2	1	1	1	1	1	1	1	1	1	2	1	1
176778333	0	0	0	0	0	0	0	.	0	0	0	0	0	0	0	0	0	0	0	0	.	0	0	2	2	2	2	2	2	2	2	2	1	2	2	.	0	2	2	2	2	2	2	2	2	0	2	2	2	2	2	2	0	2	2	2	2	2	2	2	2	2	2	2	2	2	2	2	0	2	0	2	.	2	2	2	1	1	1	1	1	1	2	1	1	1	1	1	2	1	.	1	1	1	1	2	1	2	1	1	1	1	1	1	1	1	0	0	0	0	0	0	0	0	2	2	2	2	2	2	2	2	2	0	.	2
176955349	0	.	0	.	0	0	0	.	0	0	.	0	.	.	0	.	.	.	.	.	.	.	0	0	0	.	.	0	0	0	0	0	0	.	0	.	0	.	0	.	.	0	0	0	0	0	.	0	.	0	0	.	.	.	0	0	.	.	.	0	0	0	0	.	0	.	.	0	.	0	0	.	.	0	0	0	0	.	.	.	.	.	0	0	.	0	.	.	.	.	.	0	0	.	0	0	0	0	.	0	.	.	0	0	0	0	.	0	2	2	.	2	.	.	2	2	0	2	2	2	.	.	.	.	.	2
177115427	0	0	.	0	0	0	0	.	0	0	0	0	0	.	.	0	0	0	.	.	0	.	0	0	.	0	0	.	0	.	.	.	.	.	0	.	.	0	.	0	.	0	.	.	0	.	0	.	0	0	0	.	.	0	.	0	0	.	0	.	0	0	0	.	0	.	0	0	.	0	0	0	.	.	0	0	0	0	0	.	.	0	0	0	0	0	.	.	0	.	0	0	.	.	.	.	.	.	.	0	.	.	.	0	0	0	2	.	.	2	2	2	2	2	2	2	.	.	2	.	.	0	2	2	2	2
181996750	0	0	0	0	0	0	0	0	0	0	0	0	0	0	0	0	0	0	0	0	0	0	0	0	0	0	0	0	0	0	0	0	0	0	0	0	0	0	0	0	0	0	0	0	0	0	0	0	0	0	0	0	0	0	0	0	0	0	0	0	0	0	0	0	0	0	0	0	0	0	0	0	0	0	0	0	0	0	0	0	0	0	0	0	0	0	0	0	0	0	0	0	0	0	0	0	0	0	0	0	0	0	0	0	0	0	2	2	2	2	2	2	2	2	2	2	2	2	2	2	2	0	2	2	2	2
184452217	0	.	0	0	0	0	0	0	0	0	0	0	0	0	0	0	0	0	0	0	0	0	0	0	0	0	0	.	0	0	0	0	0	0	0	0	0	0	0	0	0	0	0	0	.	0	0	0	0	0	0	0	0	0	0	0	.	0	.	0	0	0	0	.	0	0	0	0	0	0	.	0	.	0	0	0	0	0	.	0	0	0	0	0	0	0	0	0	.	0	0	0	0	0	0	0	.	0	0	0	0	0	0	0	0	0	2	2	2	2	2	2	2	2	2	2	2	2	2	2	.	.	0	2	.	2
186042822	0	.	0	0	0	.	0	.	0	0	0	0	0	0	.	0	0	.	.	2	.	0	0	0	.	0	0	.	0	0	0	0	0	0	0	.	0	0	0	0	0	0	0	0	0	0	0	0	.	.	0	0	0	0	.	0	0	0	0	.	0	.	0	0	0	0	0	0	.	.	0	0	.	0	.	0	0	0	0	0	0	0	0	0	0	0	.	.	.	0	.	0	0	.	0	0	0	0	.	0	0	0	0	0	0	0	2	1	.	2	2	2	2	.	2	2	2	.	2	2	2	.	2	.	.	0
186481617	0	0	0	0	0	0	0	0	0	0	0	0	0	0	0	0	0	0	0	0	0	0	0	0	0	0	0	0	0	0	0	0	0	0	0	0	0	0	0	0	0	0	0	0	0	0	2	0	0	0	0	0	0	0	0	0	0	0	0	2	0	0	0	0	0	0	0	0	2	0	0	0	0	0	0	0	0	0	0	0	0	0	0	0	0	0	0	0	0	0	0	0	0	0	0	0	0	0	0	0	0	0	0	0	.	0	2	2	0	0	2	2	0	2	2	2	2	2	2	2	2	0	2	2	2	2
186481787	0	0	0	0	0	0	0	0	0	0	0	0	0	0	0	0	0	0	0	0	0	0	0	0	0	0	0	0	0	0	0	0	0	0	0	0	0	0	0	0	0	0	0	0	0	0	2	0	0	0	0	0	0	0	0	0	0	0	0	2	0	0	0	0	0	0	0	0	2	0	0	0	0	0	0	0	0	0	0	0	0	0	0	0	0	0	0	0	0	0	0	0	0	0	0	0	0	0	0	0	0	0	0	0	.	0	2	2	0	2	0	2	0	2	2	0	2	2	0	2	2	0	2	0	2	2
187493506	.	0	0	0	0	0	0	.	0	0	.	0	0	.	.	0	.	0	.	0	.	0	0	0	.	0	0	.	0	.	0	.	0	0	0	.	2	.	.	0	0	.	0	0	0	2	0	.	.	0	0	0	0	.	0	.	.	0	.	.	.	.	0	0	0	0	.	.	2	.	.	.	0	0	.	0	0	.	0	.	0	0	2	.	0	0	.	0	0	0	0	0	0	.	0	.	0	0	0	0	.	0	0	0	0	.	2	2	2	2	.	2	2	.	.	2	.	.	2	2	.	0	2	2	0	0
187498881	0	.	0	0	0	.	0	.	0	.	.	0	0	0	0	0	.	.	.	.	.	0	0	0	.	0	0	0	0	0	0	.	0	0	.	.	.	.	.	0	0	0	.	0	0	2	0	0	0	.	.	0	0	.	0	0	0	.	.	.	.	.	.	.	0	0	.	0	.	0	.	.	.	0	0	0	.	.	.	0	.	.	2	.	.	.	.	0	0	.	0	0	0	.	.	.	.	0	.	0	.	.	0	0	0	0	2	.	2	2	.	2	.	.	1	.	.	.	2	2	2	.	.	2	.	2
187499201	0	0	0	0	0	0	0	0	0	0	0	0	0	0	.	0	0	.	0	0	0	0	0	.	0	0	0	0	0	0	0	.	0	0	0	0	2	0	0	0	0	0	0	0	0	2	0	0	0	0	0	0	0	0	0	0	0	0	0	2	0	0	0	0	0	0	2	0	2	0	0	0	0	0	0	0	0	0	0	0	0	0	2	0	0	0	0	0	0	0	0	0	0	0	0	0	0	0	0	0	0	0	0	0	0	0	2	2	2	2	2	2	2	2	2	2	2	2	2	2	2	2	2	2	2	2
187499406	0	.	0	0	0	0	0	.	0	.	0	0	0	.	.	.	0	0	0	0	0	0	0	0	.	0	0	0	0	.	0	0	0	0	0	0	2	0	.	0	0	0	0	0	.	2	0	.	.	.	0	0	0	0	0	0	.	0	0	2	0	0	0	0	0	0	2	0	2	0	.	0	0	0	0	0	0	0	.	0	0	0	2	0	0	0	0	0	0	0	0	0	0	.	0	0	.	0	0	0	0	0	0	0	0	0	2	2	2	2	2	2	2	2	2	2	2	2	2	2	2	.	2	2	2	2
187499416	0	.	0	0	0	0	0	.	0	.	0	0	0	.	.	.	0	0	0	0	0	0	0	0	0	0	0	0	0	0	0	0	0	0	0	0	2	0	.	0	0	0	0	0	.	2	0	.	.	.	0	0	0	0	0	0	0	0	0	2	0	0	0	0	.	0	2	0	2	0	.	0	0	0	0	0	0	0	.	0	0	0	2	0	0	0	0	0	0	0	0	0	0	.	0	0	0	0	0	0	0	0	0	0	0	0	2	2	2	2	2	2	2	2	2	2	2	2	2	2	2	2	2	2	2	2
187499470	0	0	0	0	0	0	0	.	0	0	0	0	0	0	0	.	0	0	0	0	0	0	0	0	0	0	0	0	0	0	0	0	0	0	0	0	0	0	.	0	0	0	0	0	0	2	0	0	.	.	0	.	0	.	0	0	0	0	0	2	0	0	0	0	.	0	2	0	0	0	0	0	0	0	0	0	0	0	.	0	0	0	.	0	0	0	0	0	0	0	0	0	0	.	0	0	0	0	.	0	0	0	0	0	0	0	2	2	2	2	2	2	2	2	2	2	2	2	2	2	2	2	2	2	2	2
187504157	0	0	0	0	0	0	0	0	0	0	0	0	0	0	0	0	0	0	.	0	0	0	0	0	0	0	.	0	0	.	0	0	0	0	0	0	2	0	0	0	0	0	0	0	0	2	0	0	.	0	0	.	0	0	0	0	0	0	0	.	0	0	0	0	0	0	2	0	2	0	0	.	0	0	0	0	0	0	0	0	0	0	2	0	0	0	.	0	0	0	0	0	0	0	0	0	.	0	.	0	0	0	0	0	0	0	2	2	2	2	2	2	2	2	2	2	2	2	2	2	.	2	2	2	.	2
187504451	0	0	0	0	2	0	0	0	0	0	0	0	0	0	0	0	0	0	0	0	0	0	0	0	0	0	0	0	0	0	0	0	0	0	0	0	0	0	0	0	0	0	0	0	0	0	0	0	0	0	0	0	0	0	0	0	0	0	0	0	0	0	0	0	0	0	0	0	0	0	0	0	0	0	0	0	0	0	0	0	0	0	0	0	0	0	0	0	0	0	0	0	0	0	0	0	0	0	0	0	0	0	0	0	0	0	2	2	2	2	2	2	2	2	2	2	2	2	2	2	2	2	2	2	2	2
187504467	0	0	0	0	2	0	0	0	0	0	0	0	0	0	0	0	0	0	0	0	0	0	0	0	0	0	0	0	0	0	0	0	0	0	0	0	2	0	0	0	0	0	0	0	0	2	0	0	0	0	0	0	0	0	0	0	0	0	0	2	0	0	0	0	0	0	.	0	2	0	0	0	0	0	0	0	0	0	0	0	0	0	2	0	0	0	0	0	0	0	0	0	0	0	0	0	.	0	0	0	0	0	0	0	0	0	2	2	2	2	2	2	2	2	2	2	2	2	2	2	1	2	2	2	2	2
187504484	0	.	0	0	0	0	0	0	0	0	0	0	0	0	0	0	0	0	0	0	0	0	0	0	0	0	0	0	0	0	0	0	0	0	0	0	2	0	0	0	0	0	0	0	0	2	0	0	0	0	0	0	0	0	0	0	0	0	0	2	0	0	0	0	.	0	.	0	2	0	.	0	0	0	0	0	0	0	0	0	0	0	2	0	0	0	.	0	0	0	0	0	0	0	0	0	.	0	0	0	0	0	0	0	0	0	2	2	2	2	2	2	2	2	2	2	2	2	2	2	.	2	2	2	2	2
187659477	0	0	0	0	0	0	0	0	0	0	0	0	0	0	0	0	0	0	0	0	0	0	0	0	0	0	0	0	0	0	0	0	0	0	0	0	2	0	0	0	0	0	0	0	0	2	0	0	0	0	0	0	0	0	0	0	0	0	0	2	0	0	0	0	0	.	0	0	2	0	0	0	0	.	0	0	0	0	0	0	0	0	2	0	0	0	0	0	0	.	0	0	0	0	0	0	0	0	.	0	0	.	0	0	0	0	2	2	2	2	2	2	2	2	2	2	2	2	2	2	2	2	2	2	.	2
187659483	0	0	0	0	0	0	0	0	0	0	0	0	0	0	0	0	0	0	0	0	0	0	0	0	0	0	0	0	0	0	0	0	0	0	0	0	2	0	0	0	0	0	0	0	0	2	0	0	0	0	0	0	0	0	0	0	0	0	0	2	0	0	0	0	0	.	0	0	2	0	0	0	0	.	0	0	0	0	0	0	0	0	2	0	0	0	0	0	0	0	0	0	0	0	0	0	0	0	.	0	0	.	0	0	0	0	2	2	2	2	2	2	2	2	2	2	2	2	2	2	2	2	2	2	.	2
187659600	0	0	0	0	0	0	0	0	0	0	0	0	0	0	0	0	0	0	0	0	0	0	0	0	0	0	0	0	0	0	0	0	0	0	0	0	2	0	0	0	0	0	0	0	0	2	0	0	0	0	0	0	0	0	0	0	0	0	0	2	0	0	0	0	0	0	0	0	2	0	0	0	0	.	0	0	0	0	0	0	0	0	2	0	0	0	0	0	0	0	0	0	0	0	0	0	0	0	0	0	0	0	0	0	0	0	2	2	2	2	2	2	2	2	2	2	2	2	2	2	2	2	2	2	2	2
187659610	0	0	0	0	0	0	0	0	0	0	0	0	0	0	0	0	0	0	0	0	0	0	0	0	0	0	0	0	0	0	0	0	0	0	0	0	2	0	0	0	0	0	0	0	0	2	0	0	0	0	0	0	0	0	0	0	0	0	0	2	0	0	0	0	0	0	0	0	2	0	0	0	0	.	0	0	0	0	0	0	0	0	2	0	0	0	0	0	0	0	0	0	0	0	0	0	0	0	0	0	0	0	0	0	0	0	2	2	2	2	2	2	2	2	2	2	2	2	2	2	2	2	2	2	2	2
187659665	0	0	0	0	0	0	0	0	0	0	0	0	0	0	0	0	0	0	0	0	0	0	0	0	0	0	0	0	0	0	0	0	0	0	0	0	2	0	0	0	0	0	0	0	0	2	0	0	0	0	0	0	0	0	0	0	0	0	0	2	0	0	0	0	0	0	2	0	2	0	0	0	0	0	0	0	0	0	0	0	0	0	2	0	0	0	0	0	0	0	0	0	0	0	0	0	0	0	0	0	0	0	0	0	0	0	2	2	2	2	2	2	2	2	2	2	2	2	2	2	2	2	2	2	2	2
187659791	0	0	0	0	0	0	0	0	0	0	0	0	0	0	0	0	0	0	0	0	0	0	0	0	0	0	0	0	0	0	0	0	0	0	0	0	0	0	0	0	0	0	0	0	0	0	0	0	0	0	0	0	0	0	0	0	0	0	0	0	0	0	0	0	0	0	0	0	0	0	0	0	0	0	0	0	0	0	0	0	0	0	0	0	0	0	0	0	0	0	0	0	0	0	0	0	0	0	0	0	0	0	0	0	0	0	2	2	2	2	2	2	2	0	2	2	2	2	2	2	2	0	2	2	0	2
187659835	0	0	0	0	0	0	0	0	0	0	0	0	0	0	0	0	0	0	0	0	0	0	0	0	0	0	0	0	0	0	0	0	0	0	0	0	2	0	0	0	0	0	0	0	0	2	0	0	0	0	0	0	0	0	0	0	0	0	0	2	0	0	0	0	0	0	2	0	2	0	0	0	0	0	0	0	0	0	0	0	0	0	2	0	0	0	0	0	0	0	0	0	0	0	0	0	0	0	0	0	0	0	0	0	0	0	2	2	2	2	2	2	2	2	2	2	2	2	2	2	2	2	2	2	0	2
187659865	0	0	0	0	0	0	0	0	0	0	0	0	0	0	0	0	0	0	0	0	0	0	0	0	0	0	0	0	0	0	0	0	0	0	0	0	0	0	0	0	0	0	0	0	0	2	0	0	0	0	0	0	0	0	0	0	0	0	0	2	0	0	0	0	0	0	2	0	0	0	0	0	0	0	0	0	0	0	0	0	0	0	2	0	0	0	0	0	0	0	0	0	0	0	0	0	0	0	0	0	0	0	0	0	0	0	2	2	2	2	2	2	2	2	2	2	2	2	2	2	2	2	2	2	0	2
188834356	0	0	0	0	0	0	0	0	0	0	0	0	0	0	0	0	0	0	2	0	0	0	0	0	0	0	0	0	0	0	0	0	0	0	0	0	2	0	0	0	0	0	0	0	0	2	0	0	0	0	0	0	0	0	0	0	0	0	0	2	0	0	0	0	0	0	2	0	2	0	0	0	0	0	0	0	0	0	0	0	0	0	2	0	0	0	0	0	0	0	0	0	0	0	0	0	0	0	0	0	0	0	0	0	0	0	2	2	2	2	2	2	2	2	2	2	2	2	2	2	2	2	2	2	2	2
188834378	0	0	0	0	0	0	0	0	0	0	0	0	0	0	0	0	0	0	0	0	0	0	0	0	0	0	0	0	0	0	0	0	0	0	0	0	0	0	0	0	0	0	0	0	0	2	0	0	0	0	0	0	0	0	0	0	0	0	0	2	0	0	0	0	0	0	2	0	0	0	0	0	0	0	0	0	0	0	0	0	0	0	2	0	0	0	0	0	0	0	0	0	0	0	0	0	0	0	0	0	0	0	0	0	0	0	2	2	2	2	2	2	2	2	2	2	2	2	2	2	2	2	2	2	2	2
188834466	0	0	0	0	0	0	0	0	0	0	0	0	0	0	0	0	0	0	0	0	0	0	0	0	0	0	0	0	0	0	0	0	0	0	0	0	0	0	0	0	0	0	0	0	0	2	0	0	0	0	0	0	0	0	0	0	0	0	0	2	0	0	0	0	0	0	2	0	0	0	0	0	0	0	0	0	0	0	0	0	0	0	2	0	0	0	0	0	0	0	0	0	0	0	0	0	0	0	0	0	0	0	0	0	0	0	2	2	2	2	2	2	2	2	2	2	2	2	2	2	2	2	2	2	2	2
